,hotel,review,stars
0, Pandana Boutique Hotel,"Kami tinggal di ini tempat yang bagus untuk tiga hari, setelah memiliki tiba dari Eropa. Ini adalah tempat kami mencari dan diperlukan untuk tenang dan menemukan kedamaian setelah sibuk setiap hari yang tinggal di rumah.  Pemilik di Pandana sangat ramah, membantu dan selalu tersenyum. Bungalow yang dikelilingi oleh taman yang indah dengan banyak pohon dan bunga yang berbau indah. Kolam renang sangat bersih dan menyegarkan.  Kami pasti dapat merekomendasikan tempat ini dan berharap kami memiliki kesempatan untuk kembali suatu hari.",4
1, Pandana Boutique Hotel,Kami menginap untuk 1 malam di Pandana tapi bisa dengan mudah tinggal untuk lagi. Kami disambut oleh staf yang ramah dan kamar yang luas dan baik tampak setelah. Bermalas-malasan di tepi kolam renang dengan pemandangan yang menakjubkan dan suasana damai yang membuat sangat sulit untuk meninggalkan. Staf yang sangat membantu mengatur skuter untuk hari dan kami sangat menyukai menjelajahi pulau yang indah.,4
2, Pandana Boutique Hotel,"Kamar yang sangat bersih, staf sangat membantu dengan harga untuk perjalanan dll dan sangat ramah. Makanan yang kami makan di hotel adalah segar, lezat dan harga terjangkau. Pemandangan dan lokasi yang indah dan membuat berjalan naik dan turun bukit untuk pandana guest house yang sangat berharga!",4
3, Pandana Boutique Hotel,"Kami tinggal di 6 malam di pandana untuk ruang keluarga untuk 5 orang dan kami memiliki waktu yang besar. Kamar yang luas dan baik tampak setelah dan staf yang sangat ramah dan membantu. Anak-anak tidak bisa keluar dari kedua kolam dan tempat benar-benar merasa seperti tempat yang jauh dari itu semua. Kami makan di sini cukup sedikit dan setiap makanan dan minuman yang disajikan up sangat lezat. Indah berjalan ke pantai dan bermain ombak selancar, anda tidak bisa pergi salah di sini, terutama dengan anak-anak.",4
4, Pandana Boutique Hotel,"Aku tinggal selama 3 malam dengan 3 teman-teman lain yang indah dan aku harus mengakui, melampaui harapan saya Pandana! Kolam renang (di samping meja depan/makan) menghadap ke samudera/laut. Bukan hanya itu, tetapi memiliki 3 kolam renang Pandana! Kamar saya terletak di 2nd memperata dan ada kolam renang tidak terlalu besar dan tidak terlalu kecil. Air itu selalu menyenangkan! Saya pikir ini adalah puncak saya tinggal di sini.   Kamarnya rata-rata. Karena kami datang malam hari, kami tidur di jam yang aku tidak yang menyukai, tapi apa-apa untuk melindungi diri dari menggigit. Aku akan lakukan.   Lokasi Pandana juga luar biasa. Hai bar & grill menawarkan gratis penjemputan dan pengantaran dari layanan Pandana (pikiran anda sebagian besar restoran kulakuka gratis penjemputan dan…",5
5, Pandana Boutique Hotel,"Liburan kami di pandana guest house adalah tempat yang jauh. Kami punya tiga keluarga dan kita semua menikmati diri kita sendiri sangat banyak. Kamar kami indah dan sangat banyak kali dan selalu siap membantu selama kami menginap, baik restoran, mandi, food court dan hanya sangat ramah, bahkan bermain boce bersama anak-anak, ditambah staf membuat pengalaman tak terlupakan :) Akan sangat merekomendasikan tinggal di sini kepada siapa pun.",4
6, Pandana Boutique Hotel,"Kami tinggal dengan keluarga muda kita selama periode tahun baru.   Layanan dan makanan yang sangat baik.   Chris pemilik benar-benar cukup untuk email saya dan bahkan diatur untuk berkilau Jupun untuk dikirim ke lantai nyinye.   Oxford adalah nyamuk, sehingga dengan sikap positif dapat di jaga dengan Mortein dan beberapa untuk menghindari gigitan.   Kami 18mth tua dengan kaial. Bukan tempat yang sempurna untuk balita seperti di bukit curam tanpa keselamatan pengunjung.   Pemandangan luar biasa dan kami dan minum-minum ada sebagian besar waktu dan tidak masalah dengan itu.   Terima Kasih. Kami punya benar-benar senang. ",4
7, Pandana Boutique Hotel,"Tempat ini adalah sepotong kecil surga.  Stafnya sangat ramah, dapat diandalkan dan bermanfaat Makanan di restoran adalah sangat baik dan lezat (pilihan besar) Kamarnya sangat bersih, besar dan tempat tidur adalah begitu lembut, pemandangan menakjubkan dan sangat tenang ini  Kami mencintai tempat ini bahkan jika hotel ini agak jauh dari pantai batut jukung (pantai main), anda harus menyewa sepeda motor (tersedia di hotel) Ada sebuah pantai di bawah hotel, yang dapat dicapai dengan berjalan kaki 2min  Kami mencintai tempat ini dan itu salah untuk yakin :) ",5
8, Pandana Boutique Hotel,"Suasana di sini sangat tenang, staf adalah super baik dan bermanfaat (dan tidak ada masalah dengan bahasa inggris). Hotel tetap benar-benar menyenangkan! Lokasi: beberapa menit berjalan kaki dari pantai tamarind, yang meskipun tidak terlalu populer. Berjalan kaki sekitar 20min dari pantai utama, tetapi anda harus memanjat tangga sedikit ke sana... Tapi ini adalah lokasi yang baik antara mushroom bay dan pantai utama. Bungalonya sedikit usang meskipun (lebih terindah di kamar mandi), dan ya ada iizards dan semut, tapi kita mendapatkan bahwa kota ini adalah alam pulau ini :)  Satu hal tentang hotel ini - tidak ada jendela yang sebenarnya. Ada kaca tirai, yang kami telah menutup semua waktu karena udara con pada. Dan kita kehilangan ruang pemandangan laut yang melihat dari teras.…",4
9, Pandana Boutique Hotel,"Tinggal selama seminggu di lembongan 6th perjalanan. Guest house ini sedikit sulit untuk mendapatkan terutama jika anda memiliki banyak bagasi. Anda tinggal menuruni jalur kecil dan memiliki uang untuk mendaki jalan yang terjal, dan kemudian lebih banyak langkah-langkah untuk area yang ""resepsionis"". Ini tidak repot-repot kami saat kami perjalanan cahaya dan tidak akrab dengan pulau ini. Terdapat pemandangan teluk yang menakjubkan, baik dari area restoran dan dua kolam renang. Kamarnya sangat luas dan dilengkapi dengan jaring mossie A/C dan, ditambah air panas. Namun, seperti sisa properti ini, mereka semua butuh nasihat. Setelah mengatakan bahwa kita benar-benar menikmati kami tinggal; tempat yang tenang dan damai; staf yang indah, dan sarapan dasar tetapi cukup. Satu makan…",4
10, Pandana Boutique Hotel,"Saya akan sangat menyarankan hotel ini jika anda menyukai lokasi yang tenang, dan layanan pribadi yang luar biasa - dan lezat hidangan bali. Staf berbicara bahasa inggris yang baik dan anda dapat yakin untuk mendapatkan hubungan yang hangat dengan tempat itu. Selain itu, terdapat banyak membantu tersedia untuk koordinasi kegiatan - seperti snorkeling, menyelam, menyewa skuter dan masih banyak lagi.",4
11, Pandana Boutique Hotel,kamar sembabat dan lampu yang tidak hingga par. Layanan dari staf yang baik dan kolam bagus. Secara keseluruhan di bawah rata-rata dengan lokasi dan tempat. Tidak akan pemesanan lagi. Komunikasi itu tidak besar dan ada lantai kotor juga. Selama saya menginap dan saya tidak praktis. tidak ada air panas untuk 2 hari pertama.,3
12, Pandana Boutique Hotel,"Tinggal 3 malam di hotel pandana, apa yang bisa saya katakan tetapi sempurna, kamarnya bersih, rapi, pemandangan yang sangat tua yang tidak ada bandingannya, semua yang anda butuhkan adalah dekat dengan sedikit berjalan kaki di sepanjang tepi pantai dan semua ada di sana untuk anda.  Oxford seharusnya aku tinggal lagi, tempat ini adalah benar-benar surga dapatmengemudi   ",5
13, Pandana Boutique Hotel,"Ini adalah perhentian terakhir kami setelah seminyak dan membantu kami keluar dan sangat dingin keluar dan persis apa yang tampak seperti dalam gambar. Anda perlu untuk mendapatkan di mana saja motor jadi pastikan anda memesan ini sebelum anda tiba jika anda dapat sehingga anda jangan lewatkan keluar, tidak ada dalam jarak berjalan kaki - tapi tidak ada alasan untuk meninggalkan hotel yang indah ini. Itu sangat tenang. Makanan yang menakjubkan dan super terjangkau sehingga kita hampir tidak pernah makan di tempat lain dan selalu memandang ke depan untuk sarapan! Mencoba dan memesan kamar dengan pemandangan, beberapa kamar tidak memiliki satu.  Hotel ini indah dan kamarnya bersih. Terima Kasih Pandana! ",4
14, Pandana Boutique Hotel,"Saya telah memesan kamar untuk 4 malam dengan seorang teman di Pandana. Kami tiba di wisma ini dan disambut oleh seorang muda ramah informal, yang membantu kami dengan bagasi kami dan bahkan membantu kami dengan permintaan lainnya seperti menyewa skuter dll. Namun, satu hal yang baik yang dilakukan.  Guest house ini terletak diajak ke dalam hutan dan ini adalah 20mins kumakan sibuk desa jungut batu. Setelah matahari terbenam, perjalanan kembali menjadi sangat berbahaya karena ada tidak ada lampu jalan dan jalan-jalan sangat bertonjol. Di hotel ini, kamarnya tidak terlalu bersih. Ada sarang laba-laba di seluruh, dan penuh dengan banyak serangga (kadal, belalang, nyamuk dsb).  Pagi berikutnya kami memutuskan kami ingin bergerak hotel dan mengatakan kepada resepsionis semua…",1
15, Pandana Boutique Hotel,"Best view, dua kolam renang tanpa batas, kamar yang indah dan meja staf yang akan membantu anda dengan apa pun. Ini adalah di mana aku pergi dengan teman-teman untuk memiliki liburan nyata! Staf yang sangat ramah. Aku mencintai datang kembali untuk melihat mereka semua dan dengan sambutan yang ramah saat kami! Ini adalah tempat di mana saya merasa paling zen, terbangun di pagi yang tenang yang menghadap ke pemandangan laut dengan bentuk yang di grand bali dan gunung berapi. Sangat merekomendasikan bagi pasangan, kelompok teman-teman dan keluarga yang menyukai benar-benar liburan menenangkan.",5
16, Pandana Boutique Hotel,"Kami telah mengambil grup untuk menginap di untuk 4 tahun terakhir Pandana, pengalaman kami selalu fantastis dan tidak ada yang pernah ingin meninggalkan. ini adalah rumah kami dari rumah di lembongan.   Hotel mempunyai Pandana memiliki pemandangan teluk ke gunung berapi bali, anda dapat dengan mudah menghabiskan siang hari duduk-duduk oleh salah satu kolam renang yang indah di hotel ini yang hanya minum-minum di lanskap. Kamar yang luas, bersih dan nyaman dengan sentuhan kecil seperti bunga dan semut di balkon kita di sore hari (dengan demikian kita tidak mengalami banyak di kamar mandi Pandana). Makanan yang lezat dan masuk akal, kami merekomendasikan pilihan Rempah dan milkshake! Sementara itu sebuah hotel kecil dengan hanya 9 bungalow, anda hanya membiarkan staf yang tahu…",5
17, Pandana Boutique Hotel,Hotel ini lebih seperti sebuah hostel. Ada lubang di handuk dan mereka sangat kotor. Makanan dari restoran yang sangat buruk. Saya mendapat keracunan makanan dari makan dan botol anggur mereka menawarkan kami telah dibuka dan itu. Tidak ada seorang pun di sekitar untuk membantu setelah 7pm setelah malam pertama. jadi mengecewakan! Berharap saya bisa mendapatkan uang saya kembali.,1
18, Pandana Boutique Hotel,"Semua dalam semua saya menemukan pandana menyenangkan, tapi cukup rata-rata dibandingkan dengan tempat lain kami telah tinggal di perjalanan ini dan semua kunjungan kami ke bali. Ac lemah, minuman hangat, wifi-putus dan menyewa sepeda karena lokasinya terpencil itu adalah mimpi buruk. Kami tidak keberatan berada jauh dari pusat lembongan tapi perasaan terjebak sana tidak dingin. Ketika kami akhirnya sedang mengatur skuter - datar ban belakang di hari dua kami menyewa, yang mengganggu tampak lucu untuk gadis-gadis yang bekerja di sana dan tidak menawarkan solusi. Kami menyewa sepeda dari villa tetangga yang lain. Putu sangat manis dan sarapan yang benar-benar baik dibandingkan dengan akomodasi lain yang kami mengunjungi bali ini. Kamarnya bersih dan tempat tidurnya nyaman dan…",3
19, Pandana Boutique Hotel,"Kami sangat terlambat di pemesanan kami menginap di pulau lembongan dan kembali dengan keputusan untuk menginap di pandana. Ketika kami tiba kami sedikit terkejut di lokasi resort. Namun demikian staf menyambut kami dengan senyum dan sangat akomodatif. Segera kita melihat bagaimana kami menakjubkan pemandangan dari resor ini di the hills. Kami segera menemukan bahwa berjalan di mana saja dari pandana tidak besar, tetapi untuk menyewa skuter (diatur oleh staf resor) yang tetap segera dan kami menyukai berlayar di sekitar pulau yang amat tenang. Kamarnya sangat standar dan bersih, namun tidak sepenuhnya tertutup. Udara con adalah tersedia tetapi tidak cukup keren kamar untuk apa yang mungkin anda harapkan dari resor lebih baik. Kamar mandi punya konstan bau buruk untuk itu.…",3
20, Pandana Boutique Hotel,"Harapan saya yang sedikit lebih tinggi daripada apa yang disajikan kepada saya, mengingat harga yang dibayar dianggap sebagai premium. Kamarnya bagus, meskipun kehilangan beberapa bekerja lampu dan ac dan kipas angin tidak berfungsi cukup baik. Ac nya di full tapi karena ada lubang di dinding untuk udara luar untuk datang di, udara dingin tempat berlibur. Kipas angin tidak memiliki pengaturan kecepatan, dan hanya berputar di paling lambat, yang tidak membantu sama sekali. Satu masalah besar adalah bahwa karena ini adalah lokasi terpencil ke area lain, satu-satunya cara untuk mendapatkan sekitar adalah melalui sepeda motor. Namun, setelah untuk tawar-menawar dengan staf untuk membawa kami di sekitar noda diantara di seluruh pengalaman. Saya mengerti bahwa mereka tidak membayar…",3
21, Pandana Boutique Hotel,"Suami saya dan saya baru saja kembali dari perjalanan pertama kami ke lembongan. Kami tinggal di pandana guest house pada rekomendasi dari seorang teman dan sangat terkesan. Terletak di atas bukit, menghadap ke laut, itu sempurna.  Tujuan utama kami berada di lembongan setelah sibuk minggu di bali adalah untuk beristirahat dan bersantai - kami pasti bisa melakukan ini di pandana. Dengan hanya 9 bungalow di situs web, tempat ini sangat tenang dan kuno. Terletak tidak terlalu dekat dengan pusat kota utama, ini adalah tempat yang bagus. Kamarnya sangat bersih dan sangat luas. Tempat tidur yang mungkin sedikit keras (seperti biasa di indonesia), tetapi secara keseluruhan tidak terlalu buruk. Kami hanya saran untuk pandana akan mungkin memberikan beberapa alas penggemar di kamar. Ada…",5
22, Pandana Boutique Hotel,"Pandana sangat indah!  Kamar yang bersih, besar dan hanya menakjubkan.  Staf yang sangat ramah dan membantu, terutama sandy.  Pemandangan dari atas kolam renang adalah hanya menakjubkan.  Ini adalah di lebih terpencil dari pulau, tapi dengan skuter hanya memakan waktu sekitar 10-15 menit untuk kembali ke kota.",5
23, Pandana Boutique Hotel,Pemandangan yang bagus dari ini sangat santai dan kasual guest house. Yang terletak di pinggir tebing dengan pemandangan menakjubkan. Vila kami sempurna untuk kami berdua tapi kasur agak keras dan romantis kanopi atas tempat tidur yang diperlukan pembersihan. 2 kolam renang yang indah... satu di restoran ditutupi dengan kanopi yang indah dan indah lingkungan vines horizon dan keren. Kolam bawah bagus untuk pagi berenang dan berjemur. Staf yang indah dengan santai sikap yang memungkinkan anda untuk bersantai dengan.,4
24, Pandana Boutique Hotel,"Pros: 1. umumnya baik makanan. 2. Bagus Pina Colada. 3. Pemandangan, infinity kolam. 4. Bersih 5. Staf yang ramah. 6. Pemilik tampaknya memiliki fantastis selera musik--harus mendengar Nick Cave, Nina Simone, Michael Franti bukannya musik biasa omong kosong yang Anda dengar di rumah tamu.  Cons: 1. Lembongan secara umum memiliki masalah sampah--sampah di pantai dan lepas pulau yang luas. Seperti yang mereka butuhkan untuk alamat ini. 2. Lembongan tidak memiliki banyak pantai di mana Anda dapat berenang--baik terlalu kasar berbatu atau ada adalah kapal. 3. Makanan yang baik, tapi Ironisnya makanan Indonesia (Nasi Goreng) itu tidak begitu bagus di sini. 4. Nirkabel internet adalah jerawatan--seperti itu kehilangan wireless yang guest house masalah.",4
25, Pandana Boutique Hotel,"Kami menghabiskan 2 malam di Pandana dan benar-benar tidak cukup lama! Mengatur di sebuah bukit yang menghadap ke Teluk, Pandana memiliki semua yang Anda butuhkan terutama ketika datang untuk makan - beberapa makanan terbaik dan paling berkesan makan malam yang kami punya di seluruh perjalanan kami. Staf dapur harus bertepuk tangan! Itu selalu menyenangkan untuk kembali ke Pandana setelah sehari snorkeling atau eksplorasi pulau di skuter. Meskipun beberapa Villa baru segera akan naik, kami tidak pernah yang terganggu oleh setiap acara di daerah konstruksi - hampir tidak terlihat. Melihat banyak availalbe pilihan akomodasi lain di pulau, hal ini tentunya memilih untuk sesuatu yang tenang, indah dan terjangkau.",5
26, Pandana Boutique Hotel,"Hotel ini sangat mengagumkan. Saya harapkan untuk membayar setidaknya dua jenis akomodasi.  Villa yang indah yang ditunjuk di tingkat propinsi dan sangat baru. Kolam renang yang indah, dengan banyak Lounge, dan pandangan yang besar di air.  Restoran adalah besar, aku makan beberapa sangat baik barat sandwich untuk makan siang, lebih baik daripada Id pulang di australia. Baguettes berada di sisi kecil untuk beberapa, tapi ukuran yang sempurna bagi saya.  Staf yang soooo membantu. Terutama Widi dan Wayan, selalu bersedia untuk membantu. Sangat menampung pada membiarkan saya terlambat check-out tanpa biaya tambahan.  Saya berharap saya tinggal di sini selama lebih dari hanya 2 malam! Beberapa hal yang perlu diperhatikan - tempat ini adalah sedikit keluar dari jalan, tapi ketenangan…",5
27, Pandana Boutique Hotel,"Setelah menemukan pandana tahun lalu kami berada begitu bersemangat untuk kembali tahun ini untuk ""kami bagian kecil dari surga"" selama proses pemesanan kami diberitahu oleh Nyoman dan nya staf yang mereka adalah konstruksi yang terjadi di banyak cadangan sebelah. Ketika kami tiba di sana sayangnya pembangunan adalah benar-benar perluasan pandana. Pemilik memiliki absoutly yang menghancurkan apa amzing tempat untuk tinggal di Nusa Lombongen dengan mengubah banyak sebelah ke bagian baru dari pandana dengan lebih Villa dan kolam renang yang baru dan dapur (serius tempat itu hanya 1 tahun anyway) dapur asli adalah sekarang 3 villas baru yang kecil dan buruk selesai, ketika kami tiba cat masih basah di dinding! Ternyata meskipun kami telah memesan bulan perjalanan kami sebelumnya…",2
28, Pandana Boutique Hotel,"Saya tinggal di Wisma Pandana selama 6 malam dan punya waktu yang indah. Pandangan dan postition adalah fantastis, staf ramah dan menyambut, keseluruhan tempat yang indah untuk tinggal.  Saya percaya ada renovasi dilakukan untuk sebagian besar tahun tetapi senang melaporkan semua pekerjaan selesai pada kedatangan saya. Saya telah membaca ulasan lain dan harus mengakui satu-satunya bagian vila lengkap the pool oleh restoran tapi ini selesai dalam satu hari kedatangan saya.  Kualitas makanan fantastis, campuran yang baik dari masakan tradisional Bali dan modern. Sarapan yang luar biasa, pastikan Anda mencoba tomat hijau goreng!  Saya tidak sabar untuk pergi tahun berikutnya kembali dengan keluarga dan teman-teman, kami telah memesan seluruh villa selama 10 hari.",5
29, Pandana Boutique Hotel,"Ini adalah sebuah resor 3 villa baru dibangun dengan staf lokal dan keramahan lokal. Ini tidak di wilayah utama seperti resor lain tetapi masih dalam akses mudah asam pantai di mana perahu wisata akan mengantar Anda jika Anda meminta mereka terlalu. Kami mengambil perahu selebaran Lembongan dari Benoa harbour untuk 45 min zip atas saluran. Guesthouse pengasuh, Mr Noyman, kami bertemu di pantai dan membawa kedua tas kami hingga resor. Karena ada tidak ada tamu lain, kami memiliki seluruh tempat untuk diri kita sendiri. Ini berarti atau sendiri pribadi koki untuk memasak apa pun yang kita inginkan (dalam alasannya tentu saja). Setiap permintaan bertemu dengan segera dan positif balasan. Tidak ada yang terlalu keras. Aku benar-benar should't menceritakan semua ini seperti yang…",5
30, Pandana Boutique Hotel,"Kami benar-benar menikmati kami tinggal, staf di mana wonderfull, kamar / 3 Villas telah up indah di gaya Bali modern. Kamar mandi besar dan kamar mandi memiliki banyak ruang penyimpanan. Tempat tidur nyaman. besar untuk keluarga atau teman-teman kolam renang cukup besar dan pandangan menakjubkan. Ini adalah berjalan-jalan pendek ke torqouise bay dan swasta juga. Apa pun yang Anda butuhkan, wisata diatur, sepeda motor, kapal nyoman akan mengatur untuk Anda ia adalah tuan rumah yang hebat. Hanya satu hal, tidak ada airconditioning itu panas ketika kami di mana ada, tetapi saya telah diberitahu mereka mencari ke dalamnya...kita di mana ada saat lembab tahun sehingga penggemar overhead tidak benar-benar membantu, bahkan beberapa lebih berdiri penggemar dapat membantu.",5
