,hotel,review,stars
0,Kuta Angel Hotel,"nilai lebih dari hotel ini adalah lokasinya yang sangat strategis, tinggal jalan kaki 300-400m ke kuta square/pantai kuta. ukuran kamar juga cukup besar, pelayanan stafnya juga ramah. minusnya, tidak ada lobby untuk menaikkan dan menurunkan penumpang, sehingga berkali kali kesulitan untuk sekedar naik-turun dari mobil. selain itu, kolam renang ukurannya seperti kolam ikan. cuma bisa utk berenang 1 org, kalau berdua pasti tangannya bersentuhan. hal minus lain, sudah banyak yang mulai rusak fasilitasnya. saluran pembuangan bath tub karetnya tidak bisa terbuka, tv di kamar virgin rusak (tp krn kami banyak diluar, saya malas utk komplain). sempat tidak ada air panas krg lebih 24 jam, ketika ditanyakan katanya gas habis, menunggu tekhnisi beli (yang ini agak gak masuk akal sih, hotel…",3
1,Kuta Angel Hotel,"Kamarnya nyaman sekali, kamar mandinya bersih, sangat nyaman untuk berlama-lama disini. Lokasinya strategis, dekat dengan pantai ataupun pusat belanja. Hanya saja, menu sarapannya kurang variatif. Pelayanan dari staff hotel sangat baik dan ramah. Terima Kasih ya..",4
2,Kuta Angel Hotel,"+kamar luas. Ada kulkas. Tv led 32inc +lokasi strategis. Dekat pusat pertokoan. Dekat pantai. Jalan depan hotel 1 arah. +ac super dingin. Kolam renang kecil  -parkir sulit. Mobil tidak bisa parkir disini -tidak disediakan alat mandi disini (padahal bintang 3 dengan harga 410rb via traveloka dari 700ribuan publish rate) baru kali ini saya kejadian aneh ini di bintang 3. -tidak ada coffe maker. Tidak disediakan kopi/teh. Tidak ada welcome drink.Tidak ada sliper/sendal kamar. -karyawan kerjaannya nongkrong didepan hotel, jadi kalo anda ke reception, ya tidak akan ada seorang pun disana.  -kamar kurang bersih. Kamar mandi kotor.  -sarapan ada menu babinya. Trik muslihat resto menulis bukan babi. Bacon, pork, lard, dll biasanya. Yg gak paham akan terjebak. Miris...banyak muslim…",1
3,Kuta Angel Hotel,"Lokasi sangat menyenangkan, ga sampai 10 menit jalan ke Pantai Kuta, dan gampang kemana2, sangat strategis.. makanannya sederhana dan sama tiap paginya (3 menu pilihan utk sarapan) tpi lumayan enak.. Worth it deh dengan harganya.. Very recommended!",5
4,Kuta Angel Hotel,"Lokasi, lokasi, lokasi. Berada di pinggir jalan raya pantai kuta, dekat ke pantai dan juga ke jalan legian. Bersebelahan dengan minimart dan apotik yang hanya berjarak 50m. Jika ingin mencari suasana kuta yang hip dan ramai, hotel ini menjadi most value for money dengan fasilitas dan kebersihan kamar yang terjaga setiap hari.",4
5,Kuta Angel Hotel,Hotel yang bagus.. recommended ... Dengan pelayanan yang memuaskan.. Apalagi ketika tengah malam anak saya yg kecil muntah. Kami menghubungi resepsionis. Seketika juga cleaning service segera datang membersihkan kamar kami.. Thanks Kuta Angel hotel. 👍👍👍,5
6,Kuta Angel Hotel,"Penginapan yang berada di Jalan Pantai Kuta ini merupakan pilihan yang sangat tepat bagi anda yang menginginkan suasana Kuta dan Legian yang khas dengan Matahari terbenam dan garis pantai yang panjang, ke Pantai Kuta dan Kuta beachwalk hanya didapat dengan berjalan kaki beberapa menit saja... tidak percaya, cobalah anda akan dimanjakan dengan kenyamanan selama menginap disini ",4
7,Kuta Angel Hotel,"Saya sudah 2 kali menginap di hotel ini dan menempati kamar yg sama yaitu Junior suite. Nama - nama kamar disana sangat unik seperti contohnya kamar yg kami tempati namanya love me lasting. kamar cukup luas meskipun kamar sebelumnya dengan tipe yg sama bermasalah dengan listriknya tapi itu cepat diselesaikan dengan baik dengan memberikan kami kamar lain yg lebih bagus yg sesuai harapan kami (mendapat kamar yg sama saat pertama kali kami menginap ), pelayanan dan staff nya sangat baik sekali. ramah dan helpfull. Lokasi sangat strategis dekat kemana-mana. Tp jika anda yg berkunjung menggunakan kendaraan sendiri, area parkirnya sangat sempit.",4
8,Kuta Angel Hotel,"Pertamakali nyampe driver gk kesusahan cari tempat ini, pas sudah di hotel dapat upgrade room jadi super puas sekali. Staffnya sangat rama apalagi satpamnya. Hotel nyediain sewa motor tapi cmn 1 motor. Kmana"" bisa jalan kaki dari hotel pantai kuta,beachwalk, maupun legian. Daerahnya pejalan kaki pokoknya. Saya suka dan puas sekali 🙏🏻",5
9,Kuta Angel Hotel,"Lokasi sangat strategis, dekat ke pantai kuta, ataupun legian ataupun ke kutasquare. Jumlah kamar tidak terlalu banyak, di satu lantai hanya ada kurang lebih 10 kamar dengan nama kamar yang unik2 seperti take me away. Kamar cukup luas dan bersih. Namun menu sarapan sangat terbatas dan perlu ditingkatkan kualitasnya rasa dan variasi. ",4
10,Kuta Angel Hotel,"2 hal penting Untuk lokasi dan luas kamarnya hotel ini sangat direkomendasikan. Hotel ini berada di daerah keramaian, mudah mencari makan, cari oleh2, dekat dengan pantai dan untuk interior kamarnya bagus serta kamar mandinya juga luas dan sangat nyaman untuk tidur di hotel ini walau lobbynya kecil dan parkiran yang terbatas. ",5
11,Kuta Angel Hotel,"Lokasi hotel strategis, bersih dan nyaman..dekat dengan pusat perbelanjaan n pantai..kamar jg cukup luas dengan nama yang unik di tiap kamarya, interior  jg sgt menarik. Terdapat pula cafe di bagian depan hotel yang jg berada tepat di pinggir jalan.",5
12,Kuta Angel Hotel,Sangat memuaskan menginap di hotel ini..pelayanan bagus dan cepat. Tiap hari kamar dibersihkan dan diganti handuk serta sprei nya dan keamanan jg sangat terjamin. Staff hotel sangat ramah dan baik....,5
13,Kuta Angel Hotel,"hotel yang sangat bagus dan lokasinya oke banget. dekat dengan pantai, tinggal jalan beberapa menit saja sudah bisa merasakan keindahan pantai kuta. dekat dengan arena restaurant yang sesuai dengan lidah kita.",5
14,Kuta Angel Hotel,"Pengalaman saya menginap selama 2 malam di Kuta Angel sangat memuaskan. lokasi Hotel sangat strategis terutama yang ingin berwisata di daerah Kuta dan sekitarnya.Dari hotel membutuhkan waktu 3 mnt berjalan kaki menuju Kuta square dan pantai Kuta, 10 menit berjalan menuju Beach Walk. Pelayanan hotel sangat ramah, hotel bersih dengan ruang kamar yang besar. untuk hotel sekelanya menurut saya sangat memuaskan. kekurangannya hanya pada pilihan menu breakfast yang terbatas dimana pada hotel sekelanya banyak yang menawarkan menu buffet sedangkan Kuta angel menawarkan 3 pilihan menu makananj namun jika tidak terlalu mementingkan breakfast hotel ini bisa menjadi pilihan tepat untuk berlibur baik bersama anak-anak maupun dengan pasangan.  menurut saya hotel ini sangat recommended!!",4
15,Kuta Angel Hotel,"Hotel sangat bangus,bintang tiga rasa bintang lima,kamar besar bangat dan kasur nyaman ,hotel di pusat kuta jadi bisa jalan kaki ke pantai ,mall,tempat kuliner,sangat di rekomendasi ,hanya perlengkapan kamar mandi kurang lengkap,moga di tingkatkan lagi pelayanan.tx kuta angel",5
16,Kuta Angel Hotel,"Menginap selama 3 malam dan secara keseluruhan sangat memuaskan. Hotel masih terbilang baru, semua perabotan masih bersih dan terawat dengan baik. Kamar hotel tidak menggunakan penomoran angka, melainkan penamaan misalnya kamar all in one, kamar sexy lips dan lain lain. Design exterior dan ornamen hotel cukup unik dengan patung patung katak, dewi dewi yunani/romawi (kurang paham) dan dilengkapi dengan kolam renang yang sangat mini sekali, tapi tidak sempat mencoba karena lebih memilih nyebur langsung ke pantai Kuta. Hanya 3 menit jalan kaki ke Pantai Kuta, parkiran sangat terbatas hanya untuk 3 kendaraan, makanan lumayan enak, kamar mandi dibatasi oleh kaca Semi transparant, mungkin jadi pertimbangan jika bukan bepergian bersama pasangan anda. Complementary dan Toiletries…",4
17,Kuta Angel Hotel,"Kita tinggal pas natal holiday , tempat parkir hanya cukup untuk 4 mobil dan jalannya kecil harus putar dulu ke matahari square tidak bisa langsung dr jl pantai kuta.  Security cukup simpatik di pagi hari , tp di malam hari tidak stand by.  Check in ok , kamar not bad .  Ada surprise Santa Klaus datang kamar dan dan kasih hadiah , cukup mengesankan.  FOC lunch on X mas day.  Over all cukup baguss lah..",3
18,Kuta Angel Hotel,"Travelling Individu, saya mencoba hotel ini untuk satu malam. Berniat menginap di kamar termurah, apa daya sudah habis. Untuk receptionist sangat baik dan menawarkan Junior Suite dengan harga kamar yang terendah. Pengalaman pertama menginap yang sangat menyenangkan.... Menginap disini, saya tidak kesulitan mencari makan, belanja oleh2 bahkan jalan2 ke kuta. Lokasinya relatif dekat dengan kuta.  Abaikan sarapan disini, dengan harga 100rb / 2 orang sangat rugi dan tidak sesuai....",4
19,Kuta Angel Hotel,"Boutique hotel persis di tengah2 keramaian, bisa jalan ke pantai kuta. Kamar bagus. Yang menurut kami kurang hanyalah lokasi parkir (hotel lebih ditujukan ke orang2 yg nggak pake mobil) dan breakfastnya juga minim sekali.",4
20,Kuta Angel Hotel,"Hotel ini dari luar terlihat unik dengan arsitektur dan dekorasi berbentuk wajah tertawanya (awalnya saya pikir ini patung medusa, ternyata setelah dilihat wajah tertawa). Apabila dilihat pada saat pertama kali dating pasti berpikir ini adalah restoran dengan ornament-ornament uniknya, tetapi ternyata disampingnya ada jalan yang menuju lobi hotel. Hotel ini relatif murah dengan akses yang cukup dekat ke pantai Kuta (bisa jalan kaki). Lingkungan disekitar hotel sangat menarik, dipenuhi dengan berbagai toko-toko yang menjual cinderamata khas bali dengan turis-turis baik mancanegara atau local yang berlalu lalang. Pokoknya Bali banget!!, apalagi waktu musim liburan area disekitar hotel penuh sekali dengan turis asing. Hotel ini adalah pilihan cukup baik apabila ingin menikmati…",4
21,Kuta Angel Hotel,"Saya menginap saya menginap tanggal 12 - 15 Juli 2015, bersama dengan keluarga sebanyak 7 orang, hotel berada di jalan yang sangat strategis, banyak toko perbelanjaan, restaurant, tempat refleksi dan terutama pantai Kuta, semua dapat dicapai dengan berjalan kaki..    Kami memesan 3 kamar dan mendapat free upgrade dari Sapphire room ke Junior Suite (Diamond) -thanks to Kuta Angel ^^- . Very spacious and cozy room. Penamaan kamarnya unik, tidak menggunakan nomor, kami tinggal di Kamar Beauty & the Beast, Love me long time &Time of your life, kamarnya tenang, tidak ada suara dari luar masuk, padahal hotel persis di pinggir jalan dan kamar kami berbatasan langsung dengan jalan. Tempat tidur dan bantal benar-benar sangat empuk dan nyaman.   Kamar mandi sudah dilengkapi dengan…",4
22,Kuta Angel Hotel,"Hotel ini letaknya sangat strategis yaitu berada di jalan pantai kuta yang penuh dengan tempat berbelanja oleh-oleh dan sangat dekat dengan laut atau pantai kuta. Harga atau tarif hotel ini terbilang cukup murah bila kita lihat dengan fasilitas kamar hotel yang cukup mewah dan komplit. Kalau kita bandingkan dengan hotel lain dengan fasilitas kamar yang sama sangat-sangat murah tarifnya. bagi anda yang ingin berlibur ke Bali hotel ini sangat baik untuk dijadikan salah satu pilhan anda menginap, selamat mencoba  pasti memuaskan, dengan tarif lebih murah tetapi mendapatkan fasilitas kamar yang cukup mewah.",4
23,Kuta Angel Hotel,"Suami saya dan saya berjalan melewati Angel Kuta selama beberapa kali selama kami tinggal di Bali, biasanya mengomentari katak dan wajah berteriak yang ada di dinding pintu masuk. Menjelang akhir perjalanan kami kami tinggal 3 hari berdasarkan rekomendasi dari sepupu kami dan berharap kami telah tinggal di sana lebih cepat.  Staf dan layanan yang lebih menarik daripada yang Anda dapatkan dari sebuah rantai internasional non bintang 5 tetapi dengan harga yang masih terjangkau dan lokasi di antara keramaian dan hiruk pikuk Kuta. Kebisingan tidak masalah karena Anda cukup jauh dari klub malam untuk dapat tidur malam dengan nyenyak dan hanya 100 m dari Matahari Square. Daftar uraian makanan kreatif dan sulit dipahami tapi di setiap hidangan makan kami merasa mereka cukup…",5
24,Kuta Angel Hotel,"Hotel ini adalah sebuah hotel 2-minggu, staf fresh dan dan semuanya baru. Aku masih bisa mencium bau cat baru, serta sedikit kebisingan pekerja interior yang sedang menyelesaikan beberapa rincian.  Hotel ini memiliki kolam kecil, kira-kira ukuran yang sama seperti yang mungkin Anda miliki di rumah. Sarapan standar, saya pikir itu karena kami (5 kamar) adalah satu-satunya kelompok tamu pada hari itu.  Yang disayangkan adalah ada tidak adanya ruang merokok.  Salah satu titik unik adalah hotel ini menggunakan nama kamar bukannya nomor kamar. Mereka menamakannya dengan nama yang cukup menarik.  Jika Anda menyewa mobil sewaan bersama, Anda harus mengatur parkirnya dengan para staf. Ruangnya hanya untuk 2 mobil bersamaan. Tapi para staf akan membantu Anda menemukan tempat parkir di…",4
25,Kuta Angel Hotel,"Aku & istri  tiba di Bali tanpa akomodasi & segera menemukan sebuah hotel pada saat kedatangan, kita benar-benar ingin downgrade ke sebuah hotel murah setelah beberapa malam pertama kami kami & pergi mencari kamar. Kami menemukan Hotel Kuta Angel & kagum dengan penampilan bangunannya! Semua Katak dalam semua fitur bernuansa air, cladding batu & wajah-wajah di bagian atas hotel. Staf di hotel tidak bisa melakukan hal cukup bagi kami & mereka semua benar-benar berusaha dalam mencari cara yang ada untuk membuat kami tetap merasa nyaman. Kami mendapat tur kamar & semua kamarnya memiliki standar yang sangat tinggi. Perbaikan yang dapat saya rekomendasikan untuk Kuta Angel, adalah agar mereka bisa meningkatkan mutu menu di restoran. Makanan yang kita dapat luar biasa & kualitasnya…",5
26,Kuta Angel Hotel,Lokasi Terbaik di Kuta. . . . Sangat dekat dengan pantai. . . Staf yang ramah dan menyenangkan. . . Jendela besar di kamar. . . . Bersih dan lapang. . . . Nilai uang Layanan pembersihan kamar 2 kali sehari. . . Staf sangat membantu. . . sangat direkomendasikan. . . Kopi harian dan 2 botol air,5
27,Kuta Angel Hotel,"Kamar bersih. Sarapan juga enak dan enak. Lokasinya strategis, dekat pantai, kompleks perbelanjaan, dan sangat dekat dengan banyak restoran. Harga terjangkau. Nyaman dan menyenangkan. Kami telah senang tinggal di sini. Staf khususnya Yostawan (Security Supvr) sangat membantu dan sopan.",5
28,Kuta Angel Hotel,Tempat tidur sangat nyaman dan kamarnya bagus. Staf indah koktail terbaik yang kami punya di seluruh perjalanan kami. Lokasi bagus dan fasilitas untuk kunjungan singkat atau diperpanjang. Nilai yang sangat bagus dan staf yang sangat baik. Dekat dengan pantai & banyak fasilitas di area terdekat.,5
29,Kuta Angel Hotel,"Hanya semalam di sini. Cukup dekat dari pantai kuta. Mendapat kamar yang bagus untuk harga yang wajar. Fasilitasnya cukup lengkap. Freezer, pengering rambut, sandal, bahtrobe, sabun, sampo, dll. Tempat tidur juga nyaman. Kekurangannya adalah: mereka hanya menyediakan air botol pasangan (300 ml). Terlalu sedikit untuk seleraku. Sarapan terbatas dan tidak enak",4
30,Kuta Angel Hotel,Memesan 3 kamar dengan 1 kamar yang rusak tapi lokasinya bagus. Staf sangat membantu kami upgrade karena AC yang salah. Fasilitas dalam kamar lengkap. The down adalah kamar berdebu dan sarapan tidak beragam.,4
31,Kuta Angel Hotel,"Jelas bukan hotel bintang empat, rata-rata 3 bintang saja. Lokasi bagus adalah semua yang terjadi untuk itu. Ruangan itu sangat lelah dan kotor, mandi lebih sulit untuk masuk ke. Handuk berbau seperti mildrew dan sampah, benar-benar hal paling mengerikan yang pernah saya temui. Saya menghabiskan dua malam dan pergi dan pergi ke tempat lain untuk malam terakhir saya. Kolam kecil, dikelilingi oleh dinding dan tidak mendapat sinar matahari langsung. Sarapan dimasak sesuai permintaan dan dasar, jus adalah ramah. Saya keluar dari bar pada dua kesempatan berbeda setelah menunggu terlalu lama untuk dinas. Menonton banyak orang keluar setelah menunggu layanan.",2
32,Kuta Angel Hotel,"Hotel ini terletak dalam jarak berjalan kaki dari pantai Kuta. Toko-toko suvenir dan restoran di dekatnya.  Hotel itu sendiri sangat bersih, tetapi dalam hal fasilitas itu hanya di atas standar. Kolam renang yang terkecil yang pernah saya lihat. Sarapan sudah termasuk dalam harga, tetapi kualitas makanan yang mengecewakan.  Hati-hati, beberapa kamar tidak memiliki jendela.",3
33,Kuta Angel Hotel,"Terletak di jantung Kuta, ini adalah lokasi yang sempurna dan nyaman untuk harga. Semua kamar memiliki nama unik daripada bilangan tambang, adalah ' 100 %'. Kamar yang Nyata Tempat tidur yang nyaman, 10 menit berjalan kaki dari pantai dan pasar di depan pintu anda langkah. Kami menyewa seorang supir untuk hari yang biaya AUD $ 40 untuk hingga 10 jam.  Sunia sangat brilian! , membawa kami berkeliling ke semua tempat yang berbeda yang sebenarnya kami ingin melihat daripada untuk memesan tur dan hanya berhenti di tempat-tempat yang disetel.  Kolam renang adalah putaran kolam renang kecil dengan dua kursi. Ukuran yang sempurna hanya untuk mendinginkan diri, tidak bagus jika anda memiliki anak-anak.",4
34,Kuta Angel Hotel,"Itu adalah pengalaman yang menyenangkan menginap di Kuta Angel Hotel. Staf hotel sangat membantu dan co-operative, terutama - Ikomang Sunia, yang adalah pilihan pertama kami saat memesan tur apapun. Dia memiliki pengetahuan yang luas tentang tujuan setiap layak dikunjungi, dan dia dengan baik, dan bahkan pemandu menyarankan obyek wisata alternatif. Kami melakukan beberapa tur dengan Ikomang Sunia dan Dia menuntun kami dengan baik, sangat senang dengan Sunia!  Kamar-kamarnya cukup baik, makanan sarapan sangat terbatas dan tidak cukup. Ini adalah keputusan yang bijak untuk menanyakan apa yang mereka item sebelumnya akan melayani untuk sarapan, sebelum membayar untuk sarapan. .  Ada kolam renang yang tersedia, walaupun sempit boat, cukup untuk dua orang. Ada dua kursi kolam renang…",4
35,Kuta Angel Hotel,Saya telah menginap di hotel ini 3 tahun yang lalu dan sangat senang dan memesan hotel ini lagi pada kunjungan terakhir saya. Saya hanya menginap satu malam karena penerbangan saya tiba sangat larut malam dan menuju untuk Ubud pagi berikutnya. Front Office staff resepsionis sangat ramah. Saya mendapatkan kamar yang bernama 'Lakukan saja'. . . kamar meskipun cukup nyaman tidak perlu beberapa perbaikan - lubang di beberapa perabot dan di kamar mandi pasti perekat diperlukan memasang kembali. . Di tempat itu. kotor. Tarif kamar termasuk sarapan saya yang saya seharusnya tidak terganggu dengan. . Sangat sedikit pilihan . dan sama sekali tidak menarik. . Anda bisa berjalan keluar ke jalan dan langkah menemukan sesuatu yang jauh lebih baik. Hotel ini tepat di ujung jalan dari pintu…,3
36,Kuta Angel Hotel,"Ini adalah penawaran bagus untuk lokasi, beberapa dapat ditingkatkan, mereka harus lnow yang anda butuhkan untuk mencuci tangan dengan sabun setelah tidak ada 2 , tidak ada sabun di wastafel, ada ; Sime di pancuran, namun itvis harf untuk mencapai. Ada rouches dan juga saat saya menginformasikan kepada mereka, mereka getvrid. Secara keseluruhan, lokasi yang bagus. .",3
37,Kuta Angel Hotel,"Lagi dan lagi saya memperpanjang ini. Kuta Angel yang luar biasa! Kuta Angel disambut kami luar biasa. Dari staf meja depan untuk keamanan untuk kamar mereka, mereka sangat membantu, ramah dan penting, kami diperlakukan seperti keluarga. Benar-benar masa menginap yang menyenangkan. Ini adalah waktu saya 3 rd menginap di sini! Terima kasih Kuta Angel! Akan kembali lagi dan lagi. Anda bersembunyi di rumah 2 saya di Bali untuk yakin ",5
38,Kuta Angel Hotel,"Hal terbaik tentang hotel ini adalah lokasi. Terletak di sekitar sudut dari Kuta Square, hotel ini sangat bagus untuk belanja dan makanan. Bahkan pantai yang berada dalam jarak berjalan kaki.   Kamarnya kecil, dan fasilitas yang kurang. Tapi meskipun demikian, itu sangat nyaman. Berharap bahwa ada tempat untuk biaya telepon di malam hari.",4
39,Kuta Angel Hotel,"Bulan Madu Romantis pengaturan di dalam kamar, saat saya meminta untuk itu. Dewa Bagus, memiliki solusi yang baik dan membantu ketika saya perlu assitence juga senyum yang ramah dan staf yang sangat ramah. Makanan juga baik, hotel yang bagus dekat dengan pusat Kuta, mudah mencari oleh wisatawan backpacker. Akan tinggal di sana dengan orang tua saya segera.  Terima kasih sekali terhadap dewa untuk keramahan Anda.",5
40,Kuta Angel Hotel,"kamar yang sangat bagus, tempat tidur yang sangat nyaman, bersih, banyak saluran TV termasuk internasional. Lokasi yang baik. Bagus ramah kru keamanan! Kamar mandi hanya tangan mandi, kamar mandi yang selalu penuh dengan air. Sarapan sangat buruk, tidak ada kopi dingin dingin Mie roti tidak ada yang besar - minus. kolam renang sangat kecil, tidak tertarik untuk berenang di sana. Tapi pilihan yang sangat baik untuk lokasi dan suite!",3
41,Kuta Angel Hotel,"Lokasinya sangat bagus karena hanya 3 menit berjalan kaki dari sekitar pantai Kuta. Kamar adalah ukuran yang baik dan kasur yang cukup empuk juga. Staf yang ramah dan cepat saat check in dan check out. Kekurangan - Kami melihat beberapa Kecoak kecil di kamar kami selama kami tinggal. Sarapan adalah penyebaran prasmanan yang menyedihkan, telur tidak lezat dan makanan tidak cukup untuk semua tamu mereka untuk mengganti ayam untuk hidangan telur karena saya rasa mereka berlari keluar dari ayam goreng. Botol air gratis kecil dibandingkan dengan hotel lainnya. Kamar agak gelap, butuh terang lampu.",3
42,Kuta Angel Hotel,"Kamar di sini sangat baik. Bersih dan luas dengan kamar mandi yang baik. Konsep desainnya luar kamar adalah unik untuk sedikitnya, tapi menyenangkan. Bukannya nomor kamar mereka memiliki insentif aneh/nama pohon cemara kamar mereka (Seksi dalam orang? ) Dan di luar hotel dan cafe adalah sebuah bangunan/gedung opera bergaya gotik di putih dengan ratusan masker wajah yang bergaya. Agak aneh, tapi di sisi atas membuatnya sangat mudah untuk menemukan setelah anda sudah memiliki beberapa bintang! Staf yang ramah dan membantu, tetapi harga yang mereka menawarkan transfer kami untuk perjalanan kami adalah cukup mahal.",4
43,Kuta Angel Hotel,"Terkejut dengan kualitas kamar selama kami tinggal. Lokasi yang fantastis, banyak tempat untuk makan, dan pantai adalah hanya 5 - 10 menit berjalan kaki. Ruangan itu bersih dan nyaman, AC adalah lebih dari cukup, dan memiliki sedikit kebisingan sebagai kamar kami tidak menghadap ke jalan utama. Akan tinggal di sini lagi ketika saya silahkan kunjungi Bali=)",5
44,Kuta Angel Hotel,"kamar yang sangat bersih, segala sesuatu yang baik. Saya akan datang lagi di sini di lain waktu ke bali. Purnama adalah teman baik saya di Bali. Dhani dan Agung juga. sangat terima kasih untuk mereka. Dan. Terima kasih lagi. Terima kasih atas bantuan Anda",5
45,Kuta Angel Hotel,"Saya yakin saya akan menginap di hotel ini lagi jika saya mengunjungi Bali lagi.   Semua staf yang sangat ramah dan bermanfaat terutama gagah dari resepsionis. saya melaporkan masalah hama yang sebelumnya dan baik menawarkan kamar ulgrade. Saya sangat terkesan dengan sikap mereka karena saya tidak berharap banyak dari tindakan mereka.   jika Anda tinggal di sini, meminta telur dadar saat sarapan. Ini adalah benar-benar baik",4
46,Kuta Angel Hotel,"kami tinggal untuk 4 malam di Kuta Angel Hotel. Kami check in pada 23 Mei dan check out pada 27 Mei. Kami memesan kamar superior ganda tapi mereka memberi kami upgrade gratis dan memberi kami kamar suite. Kami tinggal di angin dan hangus bayi XXXL [karena ada tidak ada nomor kamar di hotel ini tapi setiap kamar diberi nama unik]. Bayi yang terbakar hangus di depan kamar di lantai atas, kamar besar dengan kamar mandi besar dan bak mandi - bak mandi tapi ada tidak ada bak mandi tapi untungnya kami mendapatkan kamar lain dan kami kamar mandi kami XXXL kamar mandi mereka sementara anak-anak menikmati bak mandi jam.  awalnya linen tidak bersih dan sesuai standar tetapi mereka berubah itu keesokan harinya dan memberikan seprai bersih dan bantal selimut. Kamar Mandi dibersihkan sangat…",4
47,Kuta Angel Hotel," Kami menginap selama 12 hari. Staf sangat menyenangkan, ramah & membantu. Kamar sangat bersih & nyaman juga nilai untuk uang. Hotel ini terletak di pusat kota Kuta, dekat dengan pantai & pusat perbelanjaan",4
48,Kuta Angel Hotel,hotel yang sangat bagus di jantung Kuta dengan harga yang terjangkau. Mendapatkan harga yang sama seperti Agoda meskipun kami telah memesan melalui situs web mereka. Dekat dengan Hard Rock Hotel. Kolam renang dalam perbaikan selama saya menginap. Staf sangat ramah.,5
49,Kuta Angel Hotel,"Kami tinggal di hotel selama 3 malam dan kualitas sangat baik. Tempat tidur nyaman namun seprai yang sedikit usang - keluar dan bernoda. Ruangan itu sedikit bau tapi tidak terlalu payah mengotori. Kami memiliki masalah dengan air hotel di pagi hari dan kami tidak bisa menemukan air untuk membersihkan diri.  Untuk sarapan, pilihan adalah sangat terbatas dan Anda harus berhati-hati dengan apa yang Anda makan: buah segar sangat banyak lalat, dan kami harus meminta untuk mendapatkan porsi yang segar.  Terlepas dari itu masalah kecil, staf sangat membantu dan hotel ini memiliki lokasi ideal yang dekat ke pantai.  Secara keseluruhan saya akan mengatakan bahwa hotel ini baik-baik saja, tetapi Anda tidak boleh berharap terlalu banyak dari hotel ini.",3
50,Kuta Angel Hotel,"Kunjungan keempat dan keempat ulasan singkat. Dari kedua saya masuk di hotel ini saya merasa seperti aku rumah. Saya disambut oleh tersenyum dan berjabat tangan yang hangat dan segera setelah saya berjalan ke resepsi saya disambut oleh wajah teman yang memanggil saya dengan nama saya dan menyambut saya kembali, itu seperti pulang ke rumah! Ini adalah keempat saya tinggal di Kuta Angel dan saya akan terus kembali. Seluruh hotel ini sangat akrab bagi saya sekarang dan saya berjalan berkeliling seperti resor. Hotel ini masih baru di sisi banyak Bali Hotel, semua kamar sangat baik dan sangat nyaman. Tempat tidur besar yang menanti Anda, banyak ruang untuk bergerak, AC, TV dan semua tempat yang biasa dengan kamar mandi yang besar dan area mandi yang luas. Anda tidak dapat membantu…",5
51,Kuta Angel Hotel,"Hotel ini terletak strategis dengan dikelilingi oleh banyak restoran, toko dan pusat perbelanjaan. Kamar bisa menjadi lebih baik tapi tidak buruk. Namun, sarapan adalah standar dan harus ditinjau dan diperbaiki. Staf membantu menuju, kami benar-benar menghargai kebaikan sopir yaitu sunia Agus Bali yang membuat acara yang mengesankan. Dia berdedikasi, sangat membantu dan akan pergi mil ekstra untuk memastikan bahwa kami adalah diurus dengan baik dan puas dengan pelayanannya. Dia adalah benar-benar luar biasa!   Akan merekomendasikan hotel ini bagus.",4
52,Kuta Angel Hotel,"Datang di sini hari yang lain dan staf yang sangat ramah terhadap kita. Kami memiliki beberapa masalah dengan kamar karena AC tidak bekerja dan ada masalah lain dengan aman, masalah ini baik di waktu yang indah 2 jam dengan memindahkan kami ke kamar lain. Kami sangat bersyukur untuk. Kolam renang adalah tidak ada yang spektakuler meskipun bukan sesuatu kami bermaksud untuk menggunakan. Sarapan pagi terdiri dari mie kering, pilihan anda dari telur, pancake, sosis, bacon, roti dan roti.   Lokasi dekat dengan pantai dan tempat lain di sekitar area tersebut.   Secara keseluruhan saya sangat sangat bersyukur bahwa kami dapat mengubah kamar dan ingin merekomendasikan tempat ini kepada orang lain jika mereka ingin untuk tinggal di sini.",4
53,Kuta Angel Hotel,Hotel yang sangat bagus Baik staf yang biasa Makanan yang baik.  Lokasinya juga tidak buruk.  Pergi untuk hotel ini.  Sarapan bisa menjadi sedikit lebih baik.  Layanan kamar sangat baik.  Kamar mandi sangat mengagumkan.  Harus pergi untuk semua anggaran. ,5
54,Kuta Angel Hotel,"Hotel ini sangat bagus dan itu adalah titik yang sangat modern di jalan pantai karena dari restoran/bar di depan dan dekorasi (banyak putih dan katak dengan tangga). Lokasi adalah 10/10, dekat toko-toko dan pantai. Kuta Angel menawarkan kamar yang nyaman, dengan nama lucu gila!, baik fasilitas (TV, AC, kolam renang yang bagus - bagus untuk mendinginkan) dan makanan sarapan yang baik (prasmanan atau menu pilihan). Staf selalu baik dan siap untuk membantu Anda. Saya juga sangat menyukai musik yang mereka selalu bermain di sana di lobi dan daerah restoran. Luar Biasa! ",5
55,Kuta Angel Hotel,"Saya menginap 2 malam di Junior suite dan itu sangat nyaman. Layanan yang ramah, bar dan kafe di lantai bawah. Terletak di jantung Kuta Square membuatnya mudah bagi saya untuk pergi sekitar. Pantai 200 m pergi. Suka",4
56,Kuta Angel Hotel,"Kami tinggal selama 4 hari. Staf sangat menyenangkan, ramah & membantu. Kamar sangat bersih & nyaman juga nilai untuk uang. Hotel ini terletak di pusat kota Kuta, dekat dengan pantai & pusat perbelanjaan.",5
57,Kuta Angel Hotel,"Pada saat kedatangan kami, kami siap dengan minuman selamat datang oleh resepsionis dan check in - di sangat cepat. Ketika saya bertanya untuk nomor kamar, staf mengatakan kepada saya bahwa itu akan menjadi istimewa. Kemudian saya menemukan bahwa semua kamar dialokasikan nama berbeda, misalnya ""sayang John"", ""XXXL"", ""pikir berbeda"", ""hit dan run"", ""semua dalam satu"" dll, tanpa petunjuk dari staf, Anda mungkin di keramaian tempat yang pernah Anda kunjungi. Tidak ada sikat gigi dan pasta yang ditawarkan, tapi sandal tersedia atas permintaan. Di meja samping tempat tidur, ada pemberitahuan yang jelas menunjukkan bahwa sprei akan diganti setiap dua hari untuk Lingkungan - tujuan ramah, pesan yang sama juga berlaku untuk handuk di kamar mandi. Kamar sangat luas dengan fasilitas…",4
58,Kuta Angel Hotel,"Sarapan yang baik tetapi hotel adalah dalam proyek konstruksi, jadi berisik.  Hotel tidak memiliki tempat parkir yang cukup. sangat sulit jika membawa kendaraan sendiri. Anda ingin bergabung dengan beberapa agen tur dan wisata di sana.  Tapi keamanan yang sangat baik. Dia membantu kami banyak. OK",3
59,Kuta Angel Hotel,"Ini adalah kedua kalinya kami menginap di The Kuta Angel Hotel. Pertama kalinya kami tinggal lima bulan yang lalu. Ini adalah benar-benar menyenangkan dan santai dan ini adalah alasan mengapa kami memutuskan untuk tinggal di sini lagi.  Semua Hotel di Bali karena Anda akan disambut dengan senyuman. Perbedaannya adalah di Angel hotel selamat datang asli dan senyum yang berlangsung selama Anda tinggal.  Prioritas utama adalah untuk memastikan Anda tinggal adalah bahagia dan nyaman dan semua staf akan melakukan apa pun yang mungkin untuk mencapai ini untuk Anda.  Kami telah pengunjung tetap ke Bali untuk liburan kami selama lebih dari 20 tahun dan kami telah tinggal di banyak resor dan hotel di sini - tapi dengan semua kejujuran, kami tidak pernah memiliki kesenangan untuk bertemu…",5
60,Kuta Angel Hotel,"Hotel modern dengan lokasi yang baik. Dekat dengan belanja, restoran dan pantai. Kamar yang bersih dan staf yang ramah.  Mendapat sarapan untuk kamar yang cukup baik, meskipun mereka datang dengan setengah jam awal setiap pagi. Tidak masalah besar meskipun. poolarea benar-benar kecil.",3
61,Kuta Angel Hotel,"Ketiga kalinya saya menginap di Angel dan ini adalah yang terbaik sejauh ini! Bahkan sebelum membuat pemesanan saya tampak setelah dengan bantuan sebagai kembali tamu. Setelah kedatangan saya disambut oleh tersenyum seluruh, minuman selamat datang dan ditunjukkan ke kamar kemudian. Sekali lagi saya memilih kamar standar yang jujur adalah banyak lebih dari yang biasa. Kamar ini sangat besar dengan tempat tidur besar, banyak ruang untuk bergerak di sekitar dan besar yang terpisah kamar mandi, pancuran yang besar dan sangat baik mandi. Saya dengan cepat menetap di tapi setelah beberapa malam dan menemukan saya mengalami masalah dengan tempat tidur yang terlalu keras. Saya mengungkapkan masalah saya kepada staf, tidak berpikir apa pun bisa dilakukan tapi saya terkejut saya dengan…",5
62,Kuta Angel Hotel,"Yang pertama saya pikir lokasi yang sempurna, maka proses check in yang cepat dan kamar saya persis seperti yang diharapkan, atau jadi saya pikir. Saya punya pengalaman yang sangat tidak menyenangkan ketika saya menyalakan pancuran air dan bau sangat buruk, seperti kotoran mentah. Sebagian besar hal-hal lain seperti yang Anda harapkan dari sebuah hotel yang lebih murah di bali, kamar yang dibersihkan dengan baik dan keamanan orang-orang sangat ramah. Sarapan adalah sebagian besar orang menggambarkan - sangat biasa saja. Saya tidak tahu Hotel tidak menggunakan restoran di lantai bawah sangat baik dan menawarkan prasmanan kecil.   Jika hotel bisa memperbaiki masalah air (bau hanya semua hal yang baik - tekanan, warna) dan menyediakan sarapan yang lebih baik saya akan pastikan…",2
63,Kuta Angel Hotel,"Menginap 1 malam di 10 Oktober.   Lokasi yang baik. 400 m (5 menit berjalan kaki) ke Pantai Kuta, di mana ada banyak penyewaan papan selancar.   200 m di arah berlawanan terkenal membuat warung restoran.  Ada banyak restoran/toko dekat mini -.  Hal yang baik adalah, itu cukup tenang di malam hari, yang berarti saya bisa tidur nyenyak. Kehidupan malam akan sepanjang jalan Legian, ada banyak pub.   Ini adalah hari terakhir saya liburan di Bali. Perjalanan ke bandara adalah sekitar 25 menit.   Kamar yang sangat standar. Tempat Tidur & bantal yang sangat nyaman. Shower air panas, AC bekerja dengan baik - nya. Ada brankas.   Catatan: pintu masuk utama adalah tidak di sepanjang jalan Pantai Kuta. Anda harus berjalan ke jalan Khayangan suci. Saat saya kesana, ada pembangunan jalan di…",4
64,Kuta Angel Hotel,Tinggal di sini selama satu hari. Sangat bersih dan kamar ukuran yang layak. baru saja direnovasi hotel. Ac dan yang terbaik yang kami punya di bali bes. Restoran masih baru. Tapi mereka mengatakan mereka memiliki kolam renang yang benar-benar seperti spa jadi jangan berharap untuk menjadi sisi kolam renang tidak bisa bahkan duduk di sana. Lokasi yang baik dari jalan utama ke pantai. Tetapi tidak dekat dengan pantai 5 menit berjalan kaki yang aboit. Tetapi nilai yang besar jika anda mencari sebuah hotel dasar.,3
65,Kuta Angel Hotel,"Lokasi yang menakjubkan di kuta - legian area yang dekat dengan pusat perbelanjaan/pantai. Kamarnya kecil tapi bagus. Resepsi sangat bagus. Hanya titik negatif adalah bahwa pilihan makanan yang tidak baik di hotel. Tapi karena ada banyak pilihan lain di daerah sekitar, anda dapat tinggal di sini. Kamar tidak mahal sama sekali. Banyak pilihan spa di dalam jarak berjalan kaki. Saya pasti akan merekomendasikan hotel ini.",4
66,Kuta Angel Hotel,Saya sangat senang untuk tinggal di Kuta Angel Hotel.   Hotel ini sangat sentral. Dalam beberapa menit saya di pantai dan surfing. Ada juga banyak restoran yang bagus dan pusat perbelanjaan di sekitar.  Pesta yang ada banyak pilihan yang ada di dekat sini. Saya merekomendasikan Skygaren.   Staf adalah sangat membantu. Mereka telah membantu saya menemukan taksi dan tempat yang bagus untuk makan.   Saya akan datang lagi. :) 10/10,5
67,Kuta Angel Hotel,"- ada tidak ada restoran karena dalam perbaikan, tapi kami tidak ada pemberitahuan tentang hal ini. Aku seharusnya telah mengambil foto dari bagian yang jelek, biaya sekitar 15 euro untuk sarapan ternyata, benar-benar tidak layak  serangga di dalam ruang besar - lemari, setidaknya tiga. Saya diberitahu staf tentang hal itu sehingga mereka datang untuk memeriksa kamar tapi kemudian bahwa malam, kami melihat kamar lain yang mengalir di atas permukaan lemari - ada bahkan mati terbang di atas dapat soda dalam kulkas - ada pasir di dalam bak mandi, mandi selang yang rusak, wastafel bak mandi rusak - lantai sangat kotor, hanya kotor, tapi juga tidak terlihat seperti tidak pernah dibersihkan setelah vaccuumed atau terakhir pengunjung pergi ke pantai - Saya ingin berbicara tentang hal…",1
68,Kuta Angel Hotel,"Hotel yang bagus, tetapi tidak ada jendela dan merasa sedikit terjebak di! Harga adalah terlalu banyak untuk apa yang anda dapatkan... ada banyak lebih murah, lebih baik pilihan di daerah ini. Staf sangat baik dan ramah. Kamar kecil, mereka tidak terlihat seperti foto di internet. Wifi biasa saja... kami berada di lantai kedua - mungkin lebih baik wifi di area resepsionis. Saya tidak mencobanya.",2
69,Kuta Angel Hotel,"Ini adalah tempat yang nyaman untuk menginap, kamar yang baik, bersih toilet. Staf sangat sopan dan sopan. Lokasi hotel sangat baik. Pantai adalah hanya 100 meter jauhnya, di klub juga sangat dekat. Secara keseluruhan itu adalah pengalaman yang baik.",4
70,Kuta Angel Hotel,"Kami ada karena kami upgrade ke suite. Kami ingin kamar twin dan mereka terjual habis pada saat kami check in. Tempat ini adalah lebih mahal daripada twin bed, karena kamar double standar. Ya, mereka cenderung untuk menggunakan lisensi puitis dengan deskripsi kamar. Terlepas dari itu, aku menikmati saya tinggal di properti ini. Dan ya, akan tinggal di sini lagi... sayangnya restoran untuk sarapan adalah dalam renovasi sehingga harga makanan. Suite ini memiliki beberapa mengganggu barang yang saya berharap pemilik dan akan perlu alamat. Di kamar mandi yang indah di kamar mandi sebenarnya adalah tidak ada... itu seperti kamar mandi dipasang di atas bak mandi. Ada banyak pilihan sehingga mereka perlu untuk menangani hal ini. Linen adalah sedikit berwarna coklat dan di pasar yang…",4
71,Kuta Angel Hotel,"Kami memesan dua kamar deluxe: Double Deluxe Suite dan deluxe. Mereka semua sangat bagus, perabot bagus, kamar mandi bersih dengan semua peralatan mandi dan semua tapi salah satu kamar yang memiliki tidak ada jendela sama sekali, rasanya seperti berada di sebuah kotak. Kami meminta kamar dengan jendela dan diberitahu bahwa mereka telah tidak ada kiri. Juga kamar yang lebih kecil daripada apa yang mereka ditampilkan di gambar.  Kolam renang juga kecil dan dikelilingi oleh tembok yang tinggi, yang berarti saya bisa anda gunakan jika anda benar-benar perlu berenang di pagi hari atau sesuatu tapi saya akan agak nongkrong di tempat lain.  Staf berbicara bahasa Inggris dan sangat baik tetapi prosedur check in agak lambat. Kami menunggu hampir setengah jam untuk kamar kami, dan karena…",4
72,Kuta Angel Hotel,"Kami memesan melalui pemesanan dan memiliki cukup bagus, hotel ini sangat bersih dan dekat ke pantai, dan 15 menit berjalan kaki ke segala sesuatu dengan maksimal Botol kecil air yang tersedia dan diperbarui setiap hari yang dingin, tempat tidur yang sangat nyaman dan kamar mandi yang agak kecil tapi sangat baik Saya pasti akan merekomendasikan",4
73,Kuta Angel Hotel,"Kamarnya sedikit kecil tapi nyaman. Layanan staf yang ramah dan membantu. Hanya sedikit pengalaman kurang menyenangkan saat sarapan - hash brown berlari keluar, staf tidak memberitahu. Ketika ditanya, hanya hanya menjawab ""tidak ada"", tidak ada permintaan maaf atau memberitahu para tamu sebelumnya. Sisanya semua baik. Berjalan kaki ke pantai, dan banyak tempat makan yang menarik.",4
74,Kuta Angel Hotel,"Saya memesan hotel ini karena saya pikir kami telah tiba kemudian di malam hari dan tidak ingin membuang uang di resor.  Hotel ini bersih dan rapi dan begitu adalah kamar kami, namun kami hanya masalah adalah tempat tidur seprai dan handuk yang yang robek bernoda. Terlepas dari segala sesuatu yang lain adalah baik-baik saja, staf yang ramah dan membantu, dan lokasi hotel juga sangat bagus.",4
75,Kuta Angel Hotel,"Tinggal di junior suite (diamond room) sangat luas untuk 2 orang. Ac dan semua fasilitas di dalam kamar yang fantastis. ratu ukuran tempat tidur yang sangat nyaman dan bantal.  Meskipun linen putih tidak tenang, itu pasti bersih, termasuk kamar mandi handuk dll. Kamar mandi besar, dengan semua fasilitas yang anda butuhkan. Kamar mandi besar dengan air panas terus-menerus (tidak bau).  Dengan salam untuk layanan kamar dan semua staf, mereka sangat ramah dan jika anda memiliki permintaan apapun (kursi tambahan), itu disampaikan segera! Ada bonus untuk hotel ini, Yunik. Dia tersenyum dan tulus salam sepanjang hari membuat anda menikmati keramahtamahan bali bahkan lebih. Saya akan tidak ragu-ragu merekomendasikan hotel ini untuk menikmati yang tenang dan liburan menyenangkan.",5
76,Kuta Angel Hotel,"Hotel yang bagus... Lokasinya bagus! sangat nyaman. Kamar cukup besar. Berjalan jarak ke banyak tempat! Menghabiskan 3 malam di hotel ini dengan keluarga saya. Kamar mandi sedikit berantakan ketika mandi, air hanya mengalir keluar dari bak mandi dan seluruh lantai kamar mandi menjadi basah! ",3
77,Kuta Angel Hotel,"Aku hidup di angel setelah saya pertama kunjungan singkat di 2015 dan disebut hotel ini ""baik tetapi tidak"", tetapi semua dalam semua aku harus mengatakan bahwa sudut kuta memang lebih bagus. Saya tinggal kedua adalah satu yang lama, sangat santai dan saya jujur tidak bisa kesalahan hotel atau staf. Saya menginap di safir dan jujur, ketika datang ke harga, lokasi, fasilitas dan staf yang indah, kamar hotel sangat fantastis! Kesan pertama dari malaikat menunjukkan itu memang unik dalam dekorasi, dan dengan kamar sendiri sangat unik yang memiliki nama bukan jumlah, tetapi itu adalah hanya tempat yang indah untuk tinggal. Semua kamar modern dan dilengkapi dengan tv layar datar, tempat tidur nyaman yang besar dan kamar mandi besar. Jangan biarkan lokasi khawatir anda juga karena…",5
78,Kuta Angel Hotel,"Hotel yang bagus untuk harga, anda mendapatkan apa yang anda bayar. Staf yang ramah dan membantu tapi kolam renang adalah kecil dan sarapan termasuk dalam harga rata-rata di terbaik. Lokasi yang sangat baik.",3
79,Kuta Angel Hotel,"Menginap di sini untuk dua malam. Staf yang sangat ramah. Lokasi hotel yang sangat baik dengan harga terjangkau untuk kelas ini. Kamar dan kamar mandi bersih.   Tips: - area parkir mobil hanya cukup untuk 3 mobil, jadi anda harus memastikan bahwa anda akan memiliki di ruang jika anda membawa mobil - tidak ada pembuat air panas sehingga anda tidak dapat membuat kopi atau teh instan atau mie instan di sini :)  - tidak tersedia garpu dan sendok, tapi anda dapat meminta mereka untuk membawa itu ke kamar anda",4
80,Kuta Angel Hotel,"Ada sedikit kotoran dengan pemesanan kami tapi ini bekerja dengan baik karena kami mendapatkan up grade ke junior suite yang indah, sangat luas, baik kamar mandi, tempat tidur yang nyaman, sangat tenang dan benar-benar tidak ada untuk mengeluh tentang satu-satunya kekecewaan adalah sarapan yang saya katakan bahwa saya adalah vegetarian dan mereka membawa makanan dari dengan sosis ayam itu saya mengingatkan mereka bahwa saya vego sehingga mereka mengambil makan kembali diambil pada kekurangan makanan dan membawa kembali banyak dari sosis adalah masih di piring saya tidak terkesan dengan sarapan yang umumnya memburuk, piring buah yang mendapatkan lebih kecil kualitas rata-rata  Makanan di restoran yang sangat baik dan anda dapat memiliki yang bagus dengan tampilan jalan …",4
81,Kuta Angel Hotel,"Cukup sebuah hotel yang bagus dengan pelayanan yang baik. Rumah tangga adalah sangat baik dan bersih. Staf adalah sangat ramah dan sopan. Kamar bagus dan luas. Tapi wifi tidak stabil dan tidak cukup kuat. Dan ada beberapa serangga di dalam kamar mandi. Tapi secara umum hotel ini layak untuk menginap di sana karena hotel ini sangat dekat dengan mall, restoran dan pantai! ",4
82,Kuta Angel Hotel,"Aku tidak memesan hotel ini pada awalnya, tapi setelah pemesanan asli saya tiba dan menyadari itu mengerikan, aku memeriksa di sini. Itu adalah kejutan yang menyenangkan, sangat bersih, tempat tidur yang besar dan indah staf, hidung. Satu-satunya hal negatif saya akan memberikan adalah kolam renang adalah kecil dan tidak mendapatkan matahari dengan baik.",4
83,Kuta Angel Hotel,"Di dalam hotel ini sangat modern dan bersih. Tempat tidur yang sangat nyaman dan kamar sangat tenang untuk lokasi pusat.  Kolam renang adalah kekecewaan besar dan ada tidak ada sarapan prasmanan. Handuk dan seprai yang agak tua dan pudar. Staf sangat ramah, saya kira. ",3
84,Kuta Angel Hotel,Tidak seperti gambar-gambar di situs pemesanan. com Kamarnya biasa saja. Tidak ada kamar mandi di dalam kamar. Gambar menunjukkan situs spa/pijat fasilitas tapi ini tidak terjadi sama sekali. Lokasi yang baik tetapi tidak akan kembali lagi,3
85,Kuta Angel Hotel,"Saya sangat menyukai hotel ini, ini adalah kali kedua saya menginap di hotel ini. Nama mereka kamar mereka dengan nama bukan nomor yang unik. Misalnya kamar gravitasi nol, keindahan dan binatang di kamar, dll. Staf sangat ramah dan membantu ketika kami perlu menyewa mobil dan juga keamanan selalu membuka pintu dan begitu baik dengan kami. Terima kasih untuk pelayanan yang baik dan makanan.",5
86,Kuta Angel Hotel,"Kami punya kamar biasa dengan tarif 70% off karena kami memesan melalui pemesanan. com dan mengawasi untuk penawaran. Sarapan adalah cukup baik - baik karena itu adalah gratis tetapi hanya memesan karena ada tiga pilihan dan kami berada di sana selama tujuh hari. Ruangan itu luas dan bersih. Staf sangat ramah dan jujur. Kami sengaja meninggalkan kami paspor dan barang elektronik dengan beberapa kali dan mereka tidak menyentuh! Lokasi adalah super - hanya lima sampai sepuluh menit untuk pantai dan restoran!  Keluhan utama yang perlu dilakukan adalah hotel ini diiklankan sebagai ""dalam bahasa kami"" dan bahwa mereka berbicara bahasa inggris dan dapat mengatur sopir/tur. Kami memiliki waktu yang sulit mencoba untuk berkomunikasi kebutuhan kami untuk mendapatkan sopir. Mereka tidak…",3
87,Kuta Angel Hotel,"Kami tinggal di suite untuk 7 malam dan kami memiliki waktu yang menakjubkan. Suite sangat bersih. Tidak ada balkon. Staf yang sangat ramah. Hotel ini sangat dekat dengan pantai (5 menit berjalan kaki) dan dekat dengan pusat perbelanjaan seperti mall discovery dan pantai berjalan kaki. Juga, ada banyak restoran yang enak di dekat hotel.  Mereka memiliki menu sarapan yang cukup untuk satu orang.   Secara keseluruhan penginapan yang baik.",5
88,Kuta Angel Hotel,"房間很乾淨 ， 店員非常親切 。 房間名字也很特別 ， 冷氣夠涼 、 離市區也非常近 。 由於我們沒有訂早餐 ， 所以不知道他的餐廳如何 ， 飯店樓下也有一個自己的 bar 。櫃台可以讓我們寄放行李 ， 也幫我們叫計程車 。 此外飯店沒有提供牙膏牙刷要記得自己帶 。 kamar bersih, dan staf sangat baik dan bermanfaat. Lokasi hotel ini sempurna. Anda dapat menyimpan bagasi di meja depan. Selain itu, mereka tidak menyediakan peralatan mandi.",5
89,Kuta Angel Hotel,"Saya tidak yakin bahwa saya harus menulis review apapun di hotel bagus ini. Hanya tinggal 2 malam pada november 2015 dengan 3 teman saya ke bali untuk liburan singkat. Kami memesan dua kamar deluxe double, dan mendapat upgrade ke 1 kamar junior suite. Kamar penomoran ini menarik, daripada menggunakan nomor lantai, kami mendapat ""27 derajat"" dan saya tinggal di ""waktu hidup anda"" junior suite. mewah yang saya tidak mengharapkan untuk sebuah hotel kecil. sangat bagus kamar yang luas, memiliki bak mandi dan mandi, ketika saya berharap untuk mandi hanya. Hanya salah satu perbaikan akan membuat bahwa fasilitas kamar mandi seperti sabun, sikat gigi, pasta gigi dll. harus disediakan sebelum kedatangan tamu, ini yang diharapkan tingkat yang lebih tinggi dari tempat tidur jenis kamar…",4
90,Kuta Angel Hotel,"Pertama, jangan ragu untuk meminta penjemputan di bandara dan drop off layanan lebih murah jika dibandingkan dengan kemewahan layanan taksi dari bandara!(kami mendapat ditipu di~dikenakan biaya rp, .000/way) INGAT INI! Mereka memiliki staf yang ramah dan pelayanan yang cepat! Jika anda berencana untuk pergi untuk berjalan-jalan, meminta staf untuk memanggil untuk sopir taksi, mereka dapat dipercaya! Percayalah!  Untuk menu sarapan: rata-rata. : d",4
91,Kuta Angel Hotel,"Ketika saya tiba di hotel ini. Aku hanya menyadari bahwa hotel ini terletak di sebelah gedung ex-tune hotel. Kamar yang bersih dengan aroma yang bagus, tempat tidur sangat nyaman meskipun selimut tampak tua dan robek dan hal yang paling penting adalah hotel ini sangat tenang di malam hari. Aku tidak mendengar setiap suara dari di luar sehingga saya dapat tidur nyenyak. Satu-satunya hal yang kecewa saya adalah menu sarapan mereka. Sarapan waktu 7 - 11. Mereka hanya memiliki tiga pilihan: aussie sarapan, nasi goreng, dan kue buatan sendiri. Karena saya telah menginap selama dua malam. Saya makan nasi goreng dan kue buatan sendiri. Pancake enak dan nasi goreng adalah begitu begitu. Mereka juga menyediakan layanan penjemputan bandara dan antar jemput rp. , .000/way/mobil. Staf…",3
92,Kuta Angel Hotel,"Ini adalah hotel yang saya inapi 4th selama 2 minggu di bali. Awalnya berencana untuk menginap di holiday inn express sebelah tapi direkomendasikan tempat ini oleh seorang teman lokal saya. Mengambil saran karena mereka memiliki peringkat yang lebih baik di ta. Saat check in kami diberitahu bahwa pria di resepsionis kami kamar dengan jendela. Dia bilang ok tapi harus menunggu selama satu jam. 1.5 jam kemudian dia membawa kami ke kamar & tidak ada jendela. Kebutuhan umum seperti, topi mandi dll juga tidak disediakan. Hotel pilihan saya karena saya mencari tempat permanen untuk tinggal yang saya akan harus ditempatkan di sini sekitar 2 minggu/bulan & ini adalah yang terburuk sejauh ini. Berbicara dengan Yunik untuk mengubah kamar pagi ini, mari kita lihat apa yang dia dapat datang…",2
93,Kuta Angel Hotel,"Terletak di pinggir pantai, di mana restoran & toko-toko semua dalam jarak berjalan kaki jadi itu cukup nyaman. Sekitar 5 menit berjalan kaki ke pantai, yang anda dapat menemukan pelajaran surfing tersedia. Kamar hotel cukup besar, bersih dan rapi dengan fasilitas yang baik. Mereka memiliki kamar yang menarik dengan berbagai nama, seperti 'mur & baut', 'alam dan binatang' dll. bukannya angka. Juga, staf yang sangat ramah dan membantu. ",4
94,Kuta Angel Hotel,"Aku hanya menghabiskan 5 malam di kuta angel hotel, saya telah tinggal yang luar biasa. Kamar yang indah, dan restoran yang fantastis. Wifi gratis, dan ac kamar yang fantastis. Hotel ini terletak hanya sekitar $. 5 - 7 menit berjalan kaki ke pantai kuta, hanya 4 - 5 menit berjalan kaki ke kuta square. Hotel yang sangat strategis. Saya tidak sabar untuk kembali lagi :) ",5
95,Kuta Angel Hotel,"Hanya tinggal satu malam di junior suite yang saya pikir itu sangat masuk akal. Besar, bersih, baik dihiasi kamar dan kamar mandi. Pandangan yang baik keluar dari jalan. sangat tenang meskipun. tempat tidur yang nyaman dan linen yang bersih dan lembut. Bar di jalan bagus. Tidak makan di sana kecuali untuk sarapan yang sangat baik. Tidak ada sarapan prasmanan. Staf sangat ramah dan membantu, sangat ramah. Di lokasi yang sangat baik. Secara keseluruhan ini adalah kejutan yang menyenangkan dan tidak akan ragu untuk tinggal lagi.",5
96,Kuta Angel Hotel,Kamar-kamar baru dan bersih. Saya telah tinggal di sini dua kali. Juni 2014 dan mei 2015. Satu ini buruk tentang hotel ini adalah sarapan prasmanan dan spesial. Setiap kali saya sudah makan di sini aku telah kecewa. Meskipun itu di jalan utama dan aku tidak pernah punya masalah dengan suara. Saya akan tinggal di sini lagi.,4
97,Kuta Angel Hotel,"Kamar yang luas dan bersih. Dekat dengan pasar malam dan namun tenang. Banyak restoran dan kafe di dekatnya. 5 menit berjalan kaki ke pantai sekitar, berjalan 20min kehabisan waktu. Cukup harga hotel dengan lokasi yang strategis.",4
98,Kuta Angel Hotel,"Kami tinggal di sini selama 2 malam. Telah memesan dan dibayar untuk double kamar tidur dan kita beruntung bahwa mereka memiliki kamar kami ditingkatkan ke junior suite ♡ kuta angel hotel, terima kasih. Tempat tidur yang sangat nyaman. Terima kasih untuk pengaturan penjemputan bandara & bulan madu pengaturan sederhana. Kita mencintai tempat ini. Layanan yang baik. Cepat menanggapi permintaan kami. Hotel yang bagus di kota.",3
99,Kuta Angel Hotel,"Tempat tidurnya sangat nyaman; Saya ingin membeli kasur yang sama (ini adalah proses korespondensi via email)! Linen yang super lembut juga. Lokasi adalah besar; tepat di jalan relatif sibuk di kuta dengan pantai tentang 5 menit berjalan kaki dan beberapa restoran, kios pasar, uang exchanger (tarif terbaik kami - Untuk 10200IDR 1AUD) dan spa besar. Staf yang ramah dan responsif tapi; mereka diatur taksi untuk mendapatkan kita ke bandara (dengan harga sekitar 60kIDR) dan mari kita menjaga barang-barang kami dengan mereka di hari terakhir kita dan bahkan mari kita menggunakan kolam renang (dan gratis), mandi sebelum penerbangan tengah malam kami. Akan menginap lagi! Kamar memiliki lemari es mini, brankas, cermin pintu geser kaca lemari, pengering rambut, shower hujan kepala dengan…",5
100,Kuta Angel Hotel,"Kami memiliki 2 malam di sini di akhir agustus 2015. Kami telah memesan sebuah kamar kecil tapi pada saat kedatangan kami senang untuk menemukan bahwa kami telah diupgrade ke ruang yang lebih besar. Ruangan itu besar, sangat besar, dan ada sangat sedikit kebisingan dari jalan di luar. Kami tidak mendengar banyak kebisingan dari kamar sebelah atau di lantai atas, hanya sedikit dari orang pada satu waktu. Namun, hotel tidak memiliki terlalu banyak tamu pada waktu itu. Di perabot dan perlengkapan di kamar mandi yang baik dan tempat tidur itu besar dan nyaman. Pencahayaan adalah miskin untuk membaca di tempat tidur tapi jika tidak baik-baik saja. Itu adalah sedikit dari drama sireman: hanya ada pancuran genggam di kamar mandi, tidak ada tirai mandi dengan air yang menetes ke sisi di…",4
101,Kuta Angel Hotel,"Ini adalah sebuah hotel kecil unik! Positif adalah bahwa itu adalah sangat baik terletak jika anda ingin menjadi di kuta. Terdapat juga akses street sehingga anda dapat berjalan keluar ke belakang kuta square atau di tepi jalan dan di jalan pantai. Hotel ini sangat bersih dan staf yang fantastis. Hotel ini adalah 3 lantai dan tidak ada lift, tapi kami memilih untuk berjalan tangga dan dapatkan meleleri. Sarapan adalah terbatas tapi memadai. Staf membuat penyesuaian untuk kita misalnya mengganti ayam dengan sosis, bacon dan telur yang dimasak sesuai pesanan. Kami telah membaca komentar negatif tentang hotel tapi itu baik-baik saja, kopi dan disajikan dengan kue bali susu jadi aku sangat bahagia kecuali bahwa anda harus membayar ekstra untuk cangkir 2nd. Wifi di hotel ini bagus.…",4
102,Kuta Angel Hotel,"Saya dan mitra saya memesan hotel ini setelah membaca semua komentar besar hanya untuk menjadi sangat kecewa dengan kami tinggal di sini. Ada beberapa isu-isu dan pada saat kita harus meminta hotel untuk antar-jemput bandara, tetapi tidak menerima tanggapan untuk konfirmasi dan jadi kami harus naik taksi pada saat kedatangan yang baik-baik saja dengan saya. Ketika kami tiba larut malam, kami pergi langsung ke tempat tidur dan tidak benar-benar dalam kondisi kamar. Pagi berikutnya, kami ngeri untuk menemukan sehelai rambut di dinding di kamar mandi. Setelah membuat keluhan ke manajer dan yakin bahwa itu akan diurus, kami kembali ke kamar malam itu, hanya untuk menemukan bahwa rambut itu masih di sana! Manajer hotel sangat meminta maaf hari berikutnya ketika kami mengatakan…",2
103,Kuta Angel Hotel,"Benar-benar baik hotel dengan nama yang berbeda untuk kamar bukannya nomor, beberapa nama kamar harus dapat cukup kasar, tapi bagus untuk orang dewasa yang indah. Kolam itu kecil, tapi apa yang tertangkap matahari. Sarapan juga indah. Tempat tidur di kamar yang sangat besar dan pencahayaan di kamar juga sangat bagus! Kejutan yang menyenangkan.",4
104,Kuta Angel Hotel,Kami menikmati 3 malam di kuta untuk. Hotel ini sangat dekat dengan pusat perbelanjaan dan dalam jarak berjalan kaki ke klub dan pub. Saya menginap di sana bagus dan menyenangkan. Kamar sangat bagus dan meskipun itu kamar bebas rokok.,5
105,Kuta Angel Hotel,"Hotel ini sangat nyaman dan terjangkau. Di lokasi yang besar, sangat dekat dengan area perbelanjaan kuta square dan juga berjalan kaki untuk kehidupan malam di kuta. Staf sangat membantu dan makanan di restoran adalah sangat lezat. Aku akan pasti tinggal di sini lagi. Dan juga merekomendasikan tempat ini.",5
106,Kuta Angel Hotel,"Kami memiliki bagus menginap untuk 3 malam di kuta angel. Hotel ini berada dekat dengan pusat kota dan semua pub disko dan tempat yang tidak sebentar dari pantai kuta.  Kamar itu besar, bersih dan benar-benar baik. Kami tinggal di 3rd floor. Ide bagus (pertama kali dilihat) menggunakan nama bukan nomor kamar :)  Kami memiliki 27 derajat.  Hanya kerugian bagi kami adalah sarapan. Tidak benar-benar kaya dicocokkannya untuk menginap di indonesia lainnya.",5
107,Kuta Angel Hotel,"Aku tinggal di kuta angel untuk empat malam. Secara keseluruhan itu baik tinggal dan hotel ini sangat bagus. Saya menginap di kamar untuk ""menangkap"" modern dan berfasilitas lengkap. Udara con bisa lebih baik, tapi itu membuat kamar dingin cukup. Staf sangat ramah dan selalu tersenyum dan apa pun yang saya minta itu tidak masalah. Tarif kamar juga datang dengan sarapan yang harus saya katakan adalah sedikit mengecewakan, tidak ada banyak untuk memilih dari, tidak ada sarapan sereal panas dan saya menemukan pilihan sangat terbatas dan apa-apa tapi ""panas"". Aku makan makan malam di restoran satu malam minggu. Aku memilih pizza dan bawang putih roti yang keduanya cukup rata-rata. Aku cukup yakin ini adalah beku pizza dan bawang putih roti bawang putih tidak ada dalam! Hotel…",4
108,Kuta Angel Hotel,"Kuta angel hotel pertama kali dengan, ini adalah hotel yang bagus di tengah kuta. Banyak makanan di sekitar hotel, tempat pijat, dan mini market. Kamar kami adalah besar, ac adalah dingin, dan layanan luar biasa. Kami meminta untuk masa sewa mobil di hari pertama, sedikit mahal, tapi itu apa yang anda dapatkan ketika anda tinggal di hotel. Kolam renang adalah kecil, sayangnya.",4
109,Kuta Angel Hotel,"Sekelompok 7 dari kami tinggal selama 1 malam di kuta setelah bepergian ke inggris sebelum penangkapan perahu ke gili. Hotel ini sangat dekat dengan bandara (pada harga mereka memberitahu anda di taksi - sering kali lebih tinggi daripada harusannya). Pada saat kedatangan, kamar berbau kuat asap rokok ke titik di mana itu berjuang untuk bernapas. Staf datang ke kamar yang hanya menutupi membesuntukan di lavender ini - agak menjijikkan. Sayang sekali tidak ada kamar untuk dipindahkan ke jadi kami harus membuat lakukan. Untungnya kami tidak menghabiskan sejumlah besar waktu di sana. Kamar mandi dan kamar yang sangat bagus dan artistik sebagai per foto. Lokasi yang baik dan mudah berjalan kaki ke pantai dan di jalan utama. Kolam renang utama sangat kecil - di suatu tempat anda akan…",3
110,Kuta Angel Hotel,Kuta angel hotel berada di jantung kuta. Hotel ini dekat legian dan pantai kuta. Hanya 3 menit berjalan kaki. Juga sorrounding dengan banyak toko-toko dan kios makanan. Sebuah pilihan yang sempurna untuk tinggal di kuta. Aku punya kesepakatan khusus harkah juga. Hebat dan pilihan cerdas untuk tinggal.,5
111,Kuta Angel Hotel,"Ada tema yang berbeda untuk masing-masing kamar. Mereka diatur untuk 'saat yourlife', yang adalah double bed kamar terletak di 2nd floor. Kamarnya luas! Aku punya mengerikan ketika aku masih menunjukkan ke kamarku oleh staf, yang mengatakan kepada saya bahwa kamar saya ditingkatkan! Sangat baik-sized, sofa daybed dan bak mandi, itu mengagumkan!  Mereka menawarkan berbagai program tv dari inggris, cina, korea, pilihan anda hanya membului. Kredit untuk staf yang sangat ramah dan penuh perhatian, tho beberapa mungkin tidak berbicara di semua tetapi mereka menjawab dengan senyuman hangat (di atas semua, benar-benar khulki klecem) Hotel dikelilingi oleh banyak restoran dan bar, 15mins berjalan kaki untuk kira-kira $sky garden dan pantai kuta dan tidak untuk menyebutkan, banyak kios…",5
112,Kuta Angel Hotel,"Properti ini ternyata menjadi pilihan yang tepat untuk empat malam menginap di bali.  Hotel ini dekat ke bandara dan berada di pusat semua aktivitas - jalan legian, pantai kuta, spa dan banyak, banyak restoran dan bahkan air bom. Jalan kartika plaza, makanan laut dan babi (babi panggang) begitu banyak restoran berada dalam jarak berjalan kaki jauhnya. Untuk mendapatkan merasakan lokal toko perbelanjaan kuta square berjarak sekitar lima hingga tujuh menit berjalan kaki.  Sekarang untuk properti anda, termasuk staf di machinery operasionalmu dan struktur fisik, baik diminyaki - sebagian besar hal-hal bekerja dan jika ada yang tidak beres, staf yang ramah, segera dapatkan disortirnya.  Meskipun properti ini berada tepat di jalan utama, lalu lintas (jalan pantai kuta) kamarnya…",5
113,Kuta Angel Hotel,Di tengah-tengah semua toko 10 menit berjalan kaki ke pantai. Tapi kolam renang adalah kecil dan dingin seperti di bawah naungan sepanjang hari. layanan yang sangat baik dari semua staf dan mereka sangat ramah. Hotel di sekitar kamar dan sangat bersih.,4
114,Kuta Angel Hotel,"terletak strategis di jl hotel. pantai kuta dekat dengan jl. legian, kuta sekitar 300 meter menuju pantai, ini merupakan pusat keramaian kuta. Aku mencintai atmosfe dari saya neighbouhood. Kamar bersih dan modern dirancang, tempat tidur besar, perlengkapan kamar mandi eksklusif. ini adalah hotel yang bagus untuk menginap 1 jemputan. sarapan prasmanan makanan, tidak benar-benar peduli juga bervariasi.",4
115,Kuta Angel Hotel,"Kami tinggal di kuta angel sangat luar biasa. Hotel & kamar yang sangat bagus. Modern, bersih dan cerah. Lokasi yang strategis di kuta... Berjalan kaki singkat dari pantai & banyak restoran yang mengelilinginya dengan berbagai bagus.  Sarapan termasuk dalam kami tinggal... Benar-benar baik dan lebih dari cukup untuk memulai hari anda. Apa yang membuat hotel ini benar-benar istimewa adalah staf... Mereka pergi di atas dan di luar untuk tamu mereka dan selalu tersenyum & halo ini menawarkan. Setiap kali kami kembali ke hotel setelah berada di luar n tentang... kami selalu disambut dengan sambutan yang hangat. Aku pasti akan kembali ke kuta angel...",5
116,Kuta Angel Hotel,"Ini adalah kedua kalinya saya menginap di kuta angel hotel dan masih hotel favorit saya di kota kuta... berjalan kaki ke pantai kuta, pusat kehidupan malam, staf yang ramah... mereka akan membantu anda jika u perlu taksi atau transportasi ke bandara... pasti akan datang kembali...  _AOMARKBLANKAO_ ",5
117,Kuta Angel Hotel,ini adalah tempat yang bagus jika anda ingin tinggal di kuta tanpa melanggar bank anda terlalu banyak. Kamar yang bersih dengan tempat tidur yang nyaman. Kolam renangnya kecil tapi cukup bagus untuk berendam di hari yang panas. Namun adalah layanan yang benar-benar ramah dan sangat membantu.,4
118,Kuta Angel Hotel,"Saya dan mitra saya memesan ke kuta angel hotel untuk 2 minggu di kamp liburan dengan pasangan saya. Kami telah tinggal di sini yang brilian, semuanya hebat, kami memiliki 2 kamar dan sarapan yang selalu lezat setiap pagi dengan gaya prasmanan. Staf di sini sangat takut, semua orang tersenyum dan sopan, selalu mengatakan halo dan menjadi sebagai membantu mungkin. Kamar kami cantik, kami tinggal di ""rasa berbeda"" dan ""semua dalam satu"", seperti hotel yang fantastis dan sangat segar yang memiliki nama bukan angka. Kami mencintai segala sesuatu tentang hotel itu sendiri, satu-satunya hal yang kita akan katakan adalah bahwa itu adalah tepat di tengah-tengah kuta yang sibuk, tapi ini tidak efek tidur dll dan anda tidak akan mendengar kebisingan dari jalan di bawah ini, itu agak jauh…",5
119,Kuta Angel Hotel,"Saya dan mitra saya terjebak dengan masalah checkout akhir minggu lalu, pada akhir dua minggu tinggal di bali. Kami melakukan perjalanan kembali ke australia pada mata merah dan hotel kami di uluwatu yang dapat mengakomodasi kami setelah 12:30 Melalui pemesanan. com. Aku membuat reservasi di kuta angel hotel, ketika kami hanya ingin tempat untuk mandi dan mengubah sana sebelum untuk berada di bandara. Kita dibayar $45, dan saya kagum dengan kamar dan lokasi! Kami diberi salah satu kamar deluxe di tingkat yang lebih tinggi, dan bisa menghabiskan sore hari di antara belanja, spa, dan restoran. Staf yang indah dan sangat ramah. Kami sangat terkesan, kami pasti akan merekomendasikan kuta angel hotel untuk teman-teman kita, dan juga untuk kembali di perjalanan berikutnya kami ke bali.",4
120,Kuta Angel Hotel,"Lalu airight sehingga kedap suara saya tidak tahu di mana mereka mendapatkan gagasan tersebut. Namun, tempat tidur bersih dan nyaman. Ruangan itu kecil dan bersih, tapi bahkan di awal agustus rasanya sedikit terlalu dingin untuk menikmati menginap di keteduhan. Staf yang bekerja di sana adalah sangat baik dan bermanfaat. Sarapan tidak buruk di semua dan semuanya bersih. Wifi, setidaknya ketika aku pergi ke sana, tetapi tidak sangat baik. Bandara ini memiliki banyak bungalow, jadi saya sarankan mendapatkan apa-apa yang anda butuhkan untuk berjalan di sekitar sana karena memuat halaman di internet di hotel yang dekat dengan 30 menit. Sejauh salah satu hal terbaik tentang hotel ini adalah lokasi. Ini adalah 5 menit berjalan kaki dari pantai kuta. Ada beberapa penjual makanan di…",4
121,Kuta Angel Hotel,"Kamar hotel adalah benar-benar baik dan tempat tidur yang sangat nyaman. Kami tinggal akan memiliki telah sempurna jika hanya pada ekografi. Kami hampir tidak dapat mandi seperti tidak ada air yang keluar dari shower. Itu benar-benar memalukan. Kami menyukai lokasi dan kamar, kebersihan dan staf yang.  Di sisi lain, jangan pergi ke sana jika anda mencari yang bagus, kolam renang atau sarapan yang baik. Selain itu super nilai yang baik untuk uang. ",4
122,Kuta Angel Hotel,"Hotel kecil yang indah ini terletak di lokasi yang strategis di kuta, dengan pusat perbelanjaan jentret kios di depan dan beberapa menit ke pantai dengan berjalan kaki. Terdapat banyak restoran, spa, dan berbagai fasilitas lainnya di sekitar tempat.  Aku upgrade ke junior suite (ya, dengan jendela!) 2 malam selama ' menginap. Kendati mendapapt indah & luas kamar suite, sayangnya ada 3 kecoak mati yang kalalipan di kamar mandi & ketika saya diperiksa di. Aku menelepon dan pengurus rumah datang untuk menyebar di kamar mandi. Kamar saya menghadap ke jalan yang sibuk, tapi aku tidak bisa mendengar apapun di luar kebisingan.   Sarapan prasmanan adalah dasar tetapi memadai. Makanan (berebut telur, bacon, nasi goreng) yang disajikan dingin meskipun. Aku tidak benar-benar keberatan…",4
123,Kuta Angel Hotel,"Kami memesan hotel ini, berdasarkan ulasan positif yang banyak pelancong, dan hotel dan staf itu tidak mengecewakan kami! Hotel ini sangat bagus! Kecil, sehingga tidak terlalu sibuk, bahkan waktu pada kapasitas penuh, dan seluruh pengalaman, dari pemesanan dan konfirmasi email kembali: preferensi anda, untuk transfer bandara, check-in dan check-out sangat simpel dan mudah! Kamar - mereka terima kasih untuk upgrade gratis dari emerald suite diamond suite. Itu bersih dan tertata, terletak sangat efisien, dan meskipun jendela tidak terbuka, ini tidak masalah bagi kami. Tempat tidur ultra nyaman, jika setiap hari dan, jika diperlukan. Beberapa hal-hal kecil - ruangan itu diiklankan 'dengan bidet' tapi tidak ada bidet di darah. Juga, suite terbesar di hotel tidak memiliki bilik…",5
124,Kuta Angel Hotel,"Mereka upgrade kita untuk junior suite untuk gratis. Nice dan kamar bersih. Lokasi baik: beberapa menit berjalan kaki ke pantai, dekat dengan restoran dan tempat berbelanja. Sarapan dapat ditingkatkan. Wifi cukup baik. Staf yang ramah dan membantu.",4
125,Kuta Angel Hotel,"Aku tinggal di kuta angel selama dua minggu di mei 2015. Kamar saya besar o itu luas dan bersih, para staf sangat membantu dan semua tampak sangat menyenangkan. Saya telah lebih baik makanan, tidak begitu banyak untuk memilih dari dan semua tampak baik. Saya akan tinggal di sana lagi jika harga benar. Aku akan kembali ke bali pada bulan oktober dan akan menginap di sun boutique dan memberikan yang mencoba di kuta angel adalah banyak lebih mahal pada saat itu.",4
126,Kuta Angel Hotel,"Kami tinggal 3 hari di hotel ini pada bulan juli. Hanya hal yang baik tentang hotel ini adalah kamar. Tempat tidur yang nyaman dan baik ber-ac kamar bersih dengan mandi baik. Tetapi kamar kecil. Staf tidak terlatih di check-out mereka meminta kami untuk menunggu sampai mereka ganda memeriksa kamar dan melupakan kami yang bagus! Setelah menunggu cukup lama ketika saya bertanya kepada resepsionis apakah kami selesai dia menjawab ya sudah memeriksa kamar anda tapi lupa untuk memberitahu anda! Dapat anda percaya ini?  Kamar yang begitu kecil bahwa bahkan jika anda memanggil satu sama lain, orang-orang akan mengetuk untuk memberitahu anda bagaimana anda mengganggu mereka! Beruntung bagi kami, kami telah benar-benar menarik bagi kami yang menjengkelkan :(  Restoran memiliki makanan…",2
127,Kuta Angel Hotel,"Kami tinggal di kuta angel hotel untuk 4 malam dari 20 - 24 juni 2015. Hebat hotel dan lokasi baik, dalam jarak berjalan kaki ke area perbelanjaan, restoran dan 10 menit ke pantai. Kamar kami adalah besar, bersih dan tekanan di kamar mandi sangat lambat. Sarapan kebutuhan perbaikan. Kurang pilihan dan setiap hari sama menunya.  Secara keseluruhan, kami bahagia dan memiliki waktu yang besar di bali. Kami akan datang kembali untuk liburan kami berikutnya.",4
128,Kuta Angel Hotel,"Sebagai backpackers kami memutuskan untuk menambahkan dua bali di antara laut kami perjalanan dan perjalanan ke australia. Kami ingin hotel mewah seperti mereka cukup terjangkau dan kami telah turun derajatnya di hostel ini untuk 4 bulan. Dari awal saya merasa seperti kami diperlakukan seperti anak-anak kita masih muda dan backpacker karena (21) dan tidak mengenakan busana terbaik yang kami di belakang mereka untuk melakukan daftar. Kita harus membawa tas kami ke kamar, kunci kamar hampir tidak pernah bekerja, kami tidak diperbolehkan untuk biaya makanan dari restoran ke kamar seperti yang kita tampaknya tidak meninggalkan deposit, kami berdua meninggalkan paspor kami di belakang meja apa lagi yang mereka perlukan? Kami mencoba untuk memesan di untuk dua malam lagi ketika kami…",3
129,Kuta Angel Hotel,"Sudut ini di lantai, seorang menatarkan :)  Ruangan itu bagus dan luas, kamar mandi adalah besar, tekanan aithough tidak yang terbaik.  Makanan adalah luar biasa, baik dari keju meleleh di atas bruschetta (tidak terlalu yakin apa yang berpikir), tetapi masih sangat lezat dan layanan cepat.  Staf yang indah. Saya dan pacar saya adalah perokok dan setelah beberapa hari mereka ingat kami dan kami tidak menempatkan asbak untuk kita, yang baik dari mereka :)   Pasti akan tinggal di sini lagi, hanya berjalan kaki, jika itu ke 10min sports bar (stadium cafe) dan taman air bom. Mencintai tempat ini.",5
130,Kuta Angel Hotel,"Hotel ini terletak di tengah-tengah hiruk pikuk. Masuk ke dalam kamar anda anda tidak mendengar apa-apa. Tenang dan damai! Kamar-kamarnya indah dan memiliki nama bukan nomor kamar. Kami berada di ""semua dalam satu"" tetapi ada seksi bibirny dll... Luar biasa! Kamarnya yang berfasilitas lengkap. tempat tidur dan bantal yang sangat nyaman.  Layanan dan staf yang luar biasa. Kolam renang adalah kecil dan bagus untuk berendam sebentar, tidak yakin jika ini akan memadakan jika anda cenderung untuk menghabiskan liburan anda di sekitar kolam renang meskipun. Kami tinggal di legian untuk mendobelkan eise di mana harga perjalanan dan kecewa. Ini adalah permata dan nilai untuk uang!",5
131,Kuta Angel Hotel,"Hotel yang strategis dekat dengan distrik perbelanjaan kuta. Dasar 5 min berjalan kaki dari pantai kuta dan memiliki berbagai fasilitas seperti kolam renang. Tempat tidur adalah kenyamanan tertinggi. Tempat yang bagus untuk kembali ke setelah hari yang panjang. Perlu lebih banyak perbaikan, makanan besar dan sebagian besar hidangan yang dingin.",4
132,Kuta Angel Hotel,"Lokasi sangat strategis, tepat di seberang pantai kuta. Banyak restoran lokal yang murah dan internasional yang mewah.  Kamar ini bersih dan nyaman. Jika anda berniat untuk tinggal di pintu untuk kemudian mendapatkan sebuah ruangan dengan pemandangan, jika tidak semua kamar hanya baik-baik saja.",5
133,Kuta Angel Hotel,Kami tinggal di kuta angel hotel untuk 3 malam terakhir mungkin 12. Kamar adalah junior suite disebut kejombangan dan binatang buas. check-in sangat cepat. Sebagian besar staf masih muda dan ramah. Lokasi ini juga baik.  Kamar kami adalah besar dan begitu adalah bak mandi pusaran-air. Fasilitas kamar mandi shower lebih karena bak mandi adalah selamat datang. Tim rumah tangga kebutuhan untuk memeriksa di masa depan karena rambut pengering rambut kita tidak bekerja tapi itu baik-baik saja bagi kita. Kebutuhan akan air bersih ceretnya juga. Kamar ini menghadap ke pinggir jalan. Menyukai besar jendela panjang meskipun kami tidak dapat membukanya. Satu-satunya hal yang hilang di ruangan adalah tempat sampah. Mungkin seharusnya yang menunggu di dekat pintu masuk area tv atau…,5
134,Kuta Angel Hotel,nice dan kamar bersih  hotel bintang 3 untuk... dekat dengan arcade belanja dan restoran/cafe tidak terlalu dekat dengan pub atau bar yang tidak terlalu berisik pada malam hari anda dapat memiliki yang baik tidur dan tempat strategis dekat pantai kuta,4
135,Kuta Angel Hotel,"Tinggal satu malam, jangan salah, hotel ini sempurna, tetapi satu-satunya masalah adalah handuk mereka disediakan menyambut anda untuk membersihkan tangan anda. Bau! Lokasi bijaksana harga ini adalah sempurna. Aku memilih hotel manajer menangs istri atau pekerjaan yang baik mempertahankan itu. Kenyamanan - 4 bintang  Harga-4 bintang  Lokasi-4 bintang  Ulasan untuk suvenir dan biaya masuk di - http: // snapraw. com/unit/7",3
136,Kuta Angel Hotel,"Setelah 5 malam, kini kami memeriksa dari bibir seksi 3rd lantai kamar, lebih dari cukup untuk kami. Layanan yang baik, dan sangat bersih hotel (kamar tidur dan kamar mandi yang sangat bersih). Dekat dengan pantai kuta dan kuta center (restoran, kafe, atm, dan toko lainnya). Kami memiliki makan malam romantis di kolam pribadi n_n",5
137,Kuta Angel Hotel,"Dari saat anda masukkan lobi, anda tahu anda di suatu tempat khusus. Semua kamar memiliki nama tidak mengeluh (kami adalah 100% asli) yang unik. Kamar itu besar, nyaman dan dengan mewah merasa tentang hal itu... Mandi itu panas dan kamar mandi ukuran yang baik. Kuta angel adalah lokasi berjalan kaki dari kuta square dan dekat dengan banyak hal. Kami mengambil pilihan sarapan tidak membayar 50000rp untuk barat dan sarapan di kamar hanya mendapatkan inti, kami juga memiliki makan siang di sana, yang adalah pemilik dan...",5
138,Kuta Angel Hotel,"2 malam betini 26 april   Hilang untuk seorang raja suite kamar, lantai 3, sangat tenang yang... tempat tidur ukuran king nyaman, luas kamar dengan kamar mandi dengan mable bolak. Ac adalah sedikit bising... great value boutique, kolam renang kecil untuk berendam sebentar... staf yang ramah dengan wajah-wajah tersenyum bahagia.  Tempat ini luar biasa untuk nilai $50 malam, 18 bulan resort. Lokasi dekat dengan semua hal-hal yang anda... Saya akan tinggal di sini lagi untuk beberapa hari untuk berbelanja di dekat daagh... Resor ini tidak sangat besar, tapi itu memiliki semua hal yang anda butuhkan, jika u ingin memiliki besar kolam renang, tempat ini tidak memiliki yang...  Terima kasih kuta angel...",4
139,Kuta Angel Hotel,Menginap di kuta untuk mendapatkan 5 malam.  Tempat tidur adalah sangat nyaman dan besar.  Kamar tidak memiliki jendela yang besar jika anda merasa seperti tidur di sebagai kamar sangat gelap. Kamar mandi baru dan sangat bersih. Kolam renang adalah kecil jadi jika anda setelah liburan dengan bersantai di kolam renang hotel ini tidak untuk anda. Kami menemukan ini hotel besar nilai untuk uang dan di lokasi yang fantastis. ,4
140,Kuta Angel Hotel,"Bagus hotel kecil yang cantik. tempat terindah yang pernah, ruangan yang indah dan baik toilet. tapi tidak ada kamar sebelah. kolam renang terlalu kecil. lokasi sangat good. 10 menit berjalan kaki ke pantai. Tidak suka fakta bahwa ada tidak ada balkon. sarapan buruk. pilihan kecil dan dikontrol porsi. ketika check out salah satu kamar dalam satu kaca dan mereka membuat ribut besar tentang hal itu. layanan kamar tidak sengaja mengambilnya kembali ke dapur. secara keseluruhan ok. Jika u mencari tempat berorientasi keluarga mencoba eden hotel. cinta tempat itu. tinggal di sana baru-baru ini feb2015",4
141,Kuta Angel Hotel,"Kuta angel hotel cukup bagus. Terletak tepat di tengah kuta, dengan berjalan kaki ke kuta beach dan utama restoran, dan pub. Kamar sangat baru dan spotlessly bersih. Satu-satunya masalah adalah bahwa pendingin udara tidak bekerja sangat baik pada malam pertama, tapi hotel menempatkan kami di ruang yang terpisah untuk malam itu di mana ac bekerja. Secara keseluruhan, ini hotel yang sangat bagus dengan harga yang bagus.",5
142,Kuta Angel Hotel,"Secara keseluruhan, kamarnya cukup rapi dan indah, tapi ac rusak di 230am di 2nd malam. Dalam beberapa menit. Saya menghadiri untuk. Teknisi tidak bisa memulainya sehingga mereka memutuskan untuk memindahkan saya ke kamar yang lebih besar saat itu. Staf kebersihan kamar dan teknisi yang dia bisa memiliki hanya pergi untuk memperbaiki ac tapi tinggal dan membantu saya bergerak barang-barang kami dan item ke kamar lain. Dalam beberapa menit. Saya adalah di tempat tidur. 1yr saya berusia bahkan tidak bangun selama dalam situasi tersebut. Saya sangat terkesan dengan efisien dan membantu staf. Bahkan penjaga keamanan malam selalu siap untuk menjawab pertanyaan kami. Selalu memberikan kita tips jadi kami tidak mendapatkan ditipu oleh tak berwenang tempat penukaran uang dan bandara…",5
143,Kuta Angel Hotel,Kami tinggal di sini di bulan februari dan menyukainya. Staf yang sangat ramah dan menampung permintaan kami. Kamar memiliki nama untuk itu agak angka yang cukup keren ide yang inovatif. Hotel dekat ke pusat perbelanjaan dan spa. Secara keseluruhan yang indah tinggal :-) ,4
144,Kuta Angel Hotel,"Perasaan yang aneh tentang hotel ini. Itu cukup bersih, tapi ada tidak ada jendela di kamar kami ""upgrade"". Kami tinggal di hotel untuk satu malam, pada saat kedatangan kami diberitahu bahwa mereka memberi kita upgrade kamar tingkat, tapi di kamar ini tidak terdapat jendela. Kami memiliki untuk tinggal di hotel ini hanya untuk satu malam, beberapa jam, jadi bagi kami ini adalah lebih atau kurang baik, tapi itu sangat aneh bahwa kamar tidak memiliki jendela. Ketika anda datang untuk menginap di hotel untuk beristirahat, anda berharap untuk memiliki jendela. Itu sangat stange dan saya berpikir itu tidak dapat diterima untuk sebuah hotel yang bagus. Staf sangat membantu, kamar yang bersih, tapi tidak adanya jendela memberitahu banyak!",3
145,Kuta Angel Hotel,"Ini adalah ketiga kalinya kami mengunjungi kuta, dan kami tinggal ketiga di kuta angel...  Kamar yang indah, pelayanan yang baik, lingkungan yang menyenangkan, mudah akses ke toko-toko, restoran, supermarket, hiburan, semuanya! Akan menginap di sini lagi waktu berikutnya...",5
146,Kuta Angel Hotel,Itu adalah pengalaman hebat dan hotel ini sangat kreatif ketika datang untuk nama kamar :)  Staf hotel sangat membantu dan juga memberikan hadiah khusus selama natal!  Saya puas dengan keramahan dan lokasi hotel ini. Menu sarapan dapat ditingkatkan,5
147,Kuta Angel Hotel,"Menginap di sini dengan pasangan saya dan 6 orang teman. Memesan deluxe (sapphire) kamar namun mendapatkan peningkatan gratis ke kamar deluxe (ruby). Kagum dengan betapa mereka nama kamar mereka (hit & run, seksi bibirnya, lakukanlah, saya sendiri & saya). Kamar bersih, tidak ada ketel dan cangkir kopi, tetapi anda bisa memintanya dari resepsionis juga foc. Dasar, staf sangat baik dan sabar (karena kami terus meminta untuk ini dan itu). Keamanan juga sangat ramah dan memberi kami tips dan memiliki kontak untuk membawa kita untuk pergi tamasya jika kami ingin. Bahkan di 3/4 am di pagi hari mereka masih menyambut kami dengan senyum...  Salah satu kamar teman saya punya masalah dengan ac dan teknisi telah memperbaikinya di hari yang sama. Layanan yang hebat!  Tidak mencoba sarapan,…",5
148,Kuta Angel Hotel,"Hanya tinggal satu malam di hotel ini selama tahun baru cina 2015 dengan sekelompok anggota keluarga~kami memesan 8 kamar sapphire. Kami menggunakan layanan jemputan hotel ini terlalu... layanan sangat baik~ini adalah karena check-in adalah 3pm tapi kami tiba di hotel sekitar 1pm staf resepsionis sangat membantu dan tersenyum untuk menyambut kami dan melayani dengan minuman selamat datang. Lain dari itu, karena salah satu keluarga memiliki masalah kesehatan, sehingga tidak di penerbangan jadi kami permintaan untuk membatalkan satu ruangan. Terima kasih manajer mereka untuk membiarkan kami membatalkan kamar karena kami memutuskan pada menit terakhir. Meskipun kami hanya memesan 7sapphire kamar tapi kami mendapatkan upgrade kamar ke 3 junior suite yang lebih luas dan dengan…",5
149,Kuta Angel Hotel,"Lokasi yang sangat baik karena sangat mudah untuk mendapatkan untuk segala sesuatu dari sini. Daerah merasa aman untuk berjalan di malam hari juga  staf di sini juga menyenangkan dan selalu membantu dengan senyum.  kolam renang adalah kecil dan kami tidak menggunakannya, tapi itu benar-benar pribadi dan jika anda berada di sana dengan teman-teman atau pasangan itu akan merasa seperti itu hanya milik anda dan akan benar-benar bagus  kamar kami sangat bagus dengan baik ac, tv (dengan saluran berbahasa inggris) dan kulkas yang merupakan bonus. Semuanya sangat bersih   Tempat tidur sangat nyaman dan kami tidak punya kesulitan tidur di sini. Tempat tidurnya memiliki kualitas yang bagus juga meskipun bantal katun tidak memiliki noda kuning pada mereka (tidak kasus bantal - bantal yang…",4
150,Kuta Angel Hotel,"Tinggal lima malam di total, hotel indah, memiliki beberapa masalah dengan kamar mandi dan mereka pindah kami ke ruangan lain.   Tepat di pusat kuta  Kolam renangnya kecil tapi terlihat keren  Makanan tidak begitu baik, tapi ada banyak tempat-tempat lain untuk makan.   Banyak toko-toko untuk mengunjungi salinan menonton",5
151,Kuta Angel Hotel,"Hotel ini terletak di lokasi yang sangat baik. Hanya 5 menit berjalan kaki ke pantai dan sangat dekat dengan banyak belanja jalan. Suasana hotel adalah desain unik.   Kamar luas dan nyaman. Aksesori kamar mandi sangat terbatas, tidak ada topi mandi disediakan.   Ada banyak variasi makanan pagi tersedia dengan berjalan kaki, seperti kfc, mcd dan satu restoran india juga.   Brakefast itu memiliki pilihan yang sangat terbatas.",4
152,Kuta Angel Hotel,"Saya pergi ke bali untuk konferensi tapi tidak ingin tinggal jauh dari daerah pusat. Ruangan itu bersih bersih. Super nyaman tidur dan bantal. Saya ingin tahu merek jika saya bisa. Makanan di restoran itu enak. Saya tidak mengambil sarapan mereka. Saya berjalan ke pantai untuk ke komisi hak azasi ke mal perbelanjaan yang baru saja dibuka. Spa, tempat makan, toko-toko suvenir banyak anda hanya harus berjalan dan bertanya-tanya di sekitar. Aku melihat meningkatkan dari restoran halal di sekitar area ini.",5
153,Kuta Angel Hotel,"Pro: Staf yang ramah, lokasi yang bagus, hotel bersih, harga yang baik, wifi gratis. Kontra: Ac tidak cukup dingin, hanya 1 ac ventilasi adalah bekerja dan pasti tidak 18 derajat, memerlukan ac bagus di bali karena malam sangat hangat, tidak ada air dalam kamar untuk beberapa jam, ketika tukang tetap, masih ada tidak ada air panas. Hanya menginap satu malam sehingga review didasarkan pada bahwa.",3
154,Kuta Angel Hotel,"baru-baru ini tinggal di sini dengan teman saya, yang sangat sangat direkomendasikan untuk menginap di hotel, fasilitas hotel, tampaknya 4star  staf sangat membantu, sarapan bagus saya suka telur dadar keju   saya akan memesan hotel ini lagi untuk teman-teman saya  ",5
155,Kuta Angel Hotel,"sangat unik desain hotel, tempat yang bagus di dekatnya, toko seni, pusat perbelanjaan, klub malam, dan tentu saja pantai kuta, hanya 5 menit berjalan kaki dari hotel   Kamar bagus, confortable cukup dengan desain minimalis itu tampak seperti 4 bintang kamar di area lain  Staf menakjubkan, sangat membantu dan menawan!  Kolam renang kecil tapi tidak begitu buruk kami dapat menggunakannya karena tidak ada satu di kolam renang   Pasti kembali ke hotel ini Kami mendapat kesepakatan yang lebih baik di situs web mereka sendiri!   Menyukainya...",5
156,Kuta Angel Hotel,"Lokasi yang bagus, 3 menit berjalan kaki ke pantai dan 10 menit berjalan kaki ke pusat perbelanjaan beachwalk. Kami benar-benar awal check-in 10am pada hari itu. Satu-satunya hal yang buruk adalah mereka tidak memberitahu kami air panas akan memakan waktu 15 menit sebelum anda bisa mendapatkan shower. Untuk keseluruhan semuanya bagus, benar-benar ramah orang-orang di sana. Murah $50. Nilai yang besar untuk uang. Akan tinggal lagi. ",5
157,Kuta Angel Hotel,"Kuta angel adalah sebuah hotel kecil yang nyaman di by-indah di kuta.   Lokasinya yang strategis sangat dekat dengan pantai kuta dan jalan-jalan belanja. Kamar adalah apa-apa untuk membual tentang, dan kamar mandi juga cukup kecil. Ruang menyediakan kulkas mini, dan loker untuk aman menjaga. Setiap kamar memiliki nama unik dibanding angka biasa yang keren. Air panas di kamar mandi mengambil beberapa saat untuk memulai, dan itu tidak di suhu kami akan lebih suka untuk lebih, hanya lukas hangat.   Sarapan paginya sederhana, dengan nasi goreng, mie dan, bersama dengan orak-arik telur, dan sederet jus/minuman panas. Jika anda ingin hotel untuk drop-off di bandara, kemudian mereka biaya 2 00 000 IDR untuk drop.  Sebagai penerbangan kami di malam hari, kami mengharapkan check-out,…",3
158,Kuta Angel Hotel,"Tempat ini memiliki beberapa serius comfort, yang membuat anda ingin tinggal sedikit lebih lama. Ini awalnya hanya berhenti lebih dari di kuta karena saya tidak punya keinginan untuk berada di sana, tapi ini akhirnya menjadi 2 malam menginap.   Ketika saya pertama kali tiba. Saya berjalan menyusuri jalan utama wisata ini dengan banyak vendor dan pikiran pertama saya adalah, ""bagaimana bisa ini damai?"" Saya berjalan di dan sangat ramah disambut oleh staf. Ini tidak muncul untuk menjadi trendi dan lucu. Staf meja depan baik dan indah. Gadis pergi melalui setiap langkah hati-hati dalam cara yang manis. Minuman selamat datang yang sangat baik!   Sementara saya sangat khawatir tentang lokasi dan ingin kamar yang sangat bagus - staf yang sangat sabar dan membantu - mereka melakukan…",5
159,Kuta Angel Hotel,"Tinggal selama 3 malam dan menikmatinya banyak. Kamar luas dan bersih, staf yang baik dan lokasi pusat dari hotel ini bagus. Kolam renang adalah sedikit kecil, karena itu hanya 4/5. Saya sangat merekomendasikan hotel ini, terutama karena harga yang baik. ",4
160,Kuta Angel Hotel,"hotel yang sangat bagus. Tidak diragukan lagi kami membuat pilihan yang baik. U melakukan t khawatir untuk mengambil taksi ke mana saja karena adalah tepat di tengah-tengah! Dekat dengan semua restoran, belanja, pantai dan mall jika u ingin. Hanya tinggal selama satu malam tapi bagus spaceful bersih dan jangan khawatir tentang kebisingan baik u tidak merasa tidak ada, dan kami mendapat upgrade.  sangat bagus dan membantu staf.  Anda akan menemukan sangat cara unik untuk menemukan kamar anda... sangat sejuk dan tidak pernah melihat itu sebelum... dan saya melakukan banyak berjalan.  jadi jika anda memutuskan untuk menginap di sini karena saya tidak menikmati ini!",4
161,Kuta Angel Hotel,"Hanya menginap satu malam di kuta angel tapi saya tinggal sangat mengesankan. Sayangnya menghabiskan sisa liburan saya di sebuah hotel hanya di jalan yang hanya tidak sesuai dengan yang dijanjikan. Fakta bahwa dua hotel hargai tepat sama harga adalah konyol untuk saya! kuta angel kamar yang menakjubkan - tempat tidur besar yang nyaman, tidak ada suara di malam hari, makanan besar dari layanan kamar... daftarnya! Indah, menyambut staf dan sarapan yang menyenangkan! Bahkan mendapat untuk upgrade ke superior suite untuk 27 sen! Akan merekomendasikan dan pasti akan kembali! Terima kasih kuta angel.",5
162,Kuta Angel Hotel,Hotel ini adalah sempurna karena ini adalah pusat kota untuk berbelanja dan untuk malam hari. Selain itu hotel ini terletak di posisi yang baik karena anda dapat pergi ke bagian terbaik dari pantai di 2 menit dengan berjalan kaki. Kamar adalah modern dan dengan semua conforts. Kamar mandi besar dan baik-baik saja dengan kamar mandi yang besar. ,4
163,Kuta Angel Hotel,"Awesome hotel, sempurna lokasi & kuta sangat sangat murah. Memesan 2 kamar standar dan baik upgrade ke diamond suite yang adalah hanya menakjubkan! Kami semua akan menantang tinggal di sini lagi!  KONTRA: Tidak terkesan dengan sarapan dibandingkan hotel lain di seluruh asia tapi tidak bisa mengeluh karena itu adalah apa yang tertulis itu.  Meskipun kami tidak pernah menggunakannya kolam renang sangat kecil tapi ini seharusnya tidak menjadi masalah karena pantai adalah kurang dari 5mins berjalan kaki.",5
164,Kuta Angel Hotel,"Jika anda ingin berbaring di sekitar kolam dan resapi suasana ini bukan tempat untuk anda. Hotel ini terletak untuk berjalan ke banyak atraksi kuta. Kamarnya tenang, luas dan bersih, staf keamanan pintu yang sangat membantu dan ramah. Cahaya sarapan termasuk dalam kesepakatan kami dengan telur yang dimasak sesuai dengan selera anda. Staf di restoran juga sangat ramah. Kolam renang adalah kolam renang yang sangat cocok untuk berenang dan bersantai tapi tidak banyak kesempatan untuk berbaring di sekitar dan bersantai dengan hanya ruang untuk 2 kursi di dek. Kamar tidak memiliki angka, tapi nama yang menyebabkan kami beberapa kegembiraan. Ia menjual pakaian dengan nama kamar anda disorot tersedia untuk membeli. Restoran menghadap sibuk kuta street dan tempat yang bagus untuk…",4
165,Kuta Angel Hotel,Kami tinggal di sini selama 2 malam dan itu sangat hebat! Ini adalah 5 menit berjalan kaki ke pantai kuta dan dekat banyak restoran yang bagus dan tempat untuk bersantai. Kamarnya besar dan bersih yang membuat tinggal sangat nyaman. Staf sangat ramah dan membantu. Mereka dapat menyediakan saran yang baik. Wifi dalam kamar cepat dan secara keseluruhan fasilitas hotel sangat bagus! ,5
166,Kuta Angel Hotel,"Kami tinggal di sini selama dua malam. Hotel ini baru dan sangat bersih. Penginapan ini menyediakan semua fasilitas dan yang tepat di pusat kota anda repot bepergian. Sementara kebanyakan pelancong terjebak dalam lalu lintas ketika datang ke kuta anda dapat dengan mudah berjalan di jalan untuk mencoba restoran baru, pergi ke pantai kuta, pergi ke pusat pijat, clubbing atau berbelanja. Kamar memiliki nama dan tidak angka. Kamar kami adalah 27 derajat. Mereka menawarkan anda gratis wi fi, bekerja sebagian besar waktu. Jika anda suka untuk tinggal di dalam kota, ini bisa menjadi pilihan yang baik tanpa menghabiskan terlalu banyak",5
167,Kuta Angel Hotel,"Kami tinggal di sini hanya satu malam tapi saya sangat merekomendasikan tempat ini untuk orang-orang yang bepergian pada anggaran tapi mencari nilai yang baik untuk uang. The downer adalah sempurna, seperti standar hotel internasional. Kamar sangat bersih dan baik dilengkapi dan bahkan pada malam hari kami tidak di sini kebisingan dari bar di dekatnya. Kami tidak memiliki sarapan di sana tapi saya kira itu juga baik nilai untuk uang.",5
168,Kuta Angel Hotel,"Hotel ini baru dan bersih, dengan desain modern. Lokasinya sempurna, berjalan kaki ke pantai kuta, discovery shopping mall, dan sangat mudah untuk menemukan restoran & pusat pijat. Ini adalah bagus ketika anda dapat berjalan-jalan untuk menghindari tidak aman untuk taksi. Sarapan paginya sederhana dan segar. ",4
169,Kuta Angel Hotel,"Saya dan istri saya menginap di the kuta angel dari 7 november untuk 9 malam. Kami mendapatkan diamond suite yang sangat luas dan baik dihiasi kamar. Semua kamar diberi nama, bukan angka. jadi kamar kami adalah ""kacangan dan baut ."" Saya pikir hotel ini memiliki 27 kamar dengan gratis wi fi.  Staf yang sangat ramah dan membantu. Hotel ini terletak hanya dengan berjalan kaki dari pantai dan pusat perbelanjaan mataharis.  Karena kami hanya tamu yang tinggal lama, pihak manajemen menawarkan kami gratis makan malam di restoran. Itu merupakan set menu dengan pilihan dua makanan pembuka, induk dan gurun. Makanan yang sangat baik dan melayani ukuran sangat murah hati.   Untuk perubahan kami memiliki pilihan untuk tidak memilih sarapan jadi kami bisa makan yang berbagai kafe untuk…",4
170,Kuta Angel Hotel,"Hotel butik yang kecil dengan kamar yang bersih dan nilai untuk uang. Hotel ini dekat dengan semua toko-toko untuk makanan, suvenir, dan dalam jarak berjalan kaki ke pantai.  Stafnya ramah. Ada banyak toko-toko suvenir, anda dapat membeli dengan harga yang jauh lebih murah dibandingkan dengan daerah lain.  Banyak spa dan nail toko-toko dengan harga yang terjangkau.",4
171,Kuta Angel Hotel,"Hotel adalah ditempatkan sempurna, mengambil hanya beberapa menit untuk mencapai pantai dan jalan perbelanjaan utama di kuta. Staf yang ramah dan kamarnya bersih. Kolam renang adalah bonus juga yang indah! Sarapan adalah gaya prasmanan dengan telur yang dimasak pada permintaan ini baik-baik saja dan adalah khas hotel-hotel di bali. ",5
172,Kuta Angel Hotel,"Kami tinggal di sini selama tiga malam ketika kami pertama kali tiba di bali. Sekitar 20 menit perjalanan dengan taksi dari bandara, kami membayar sekitar idr 72k, mungkin bisa menawar lebih baik, tapi kami lelah dan siap untuk mendapatkan di sana. Setelah kami tiba, mereka memberitahu kami bahwa kamar yang kami dapat ada masalah dan mereka perlu untuk menurunkan rating kami ke kamar yang berbeda. Mereka menyesuaikan harga sesuai dan kamar kami sangat sempurna. Mereka nama mereka kamar agak kemudian menggunakan nomor kamar, kami menginap di XXXL. Bagus tempat tidur yang nyaman, ac bekerja dengan baik, wifi kuat, kamar mandi adalah ukuran yang baik dengan mandi besar dan tekanan air yang bagus. Sekitar 8 menit berjalan kaki ke pantai, dan anda benar-benar dikelilingi oleh ribuan…",4
173,Kuta Angel Hotel,"Tinggal di sana selama 4 malam. Saya memilih hotel ini karena dari lokasi dan harga. Kuta square adalah tentang 3min berjalan kaki. Pantai kuta berjarak sekitar 5-10 min berjalan kaki. Beachwalk shopping mall adalah tentang 15min berjalan kaki. Di arah yang berlawanan, daerah legian di mana semua kehidupan malam yang adalah tentang 15min berjalan kaki. Saya tidak mengambil taksi bahkan untuk satu kali selama perjalanan saya di sana. (Itu jika anda berencana untuk menghabiskan waktu anda di daerah kuta) saya pasti tidak kecewa dengan kamar yang terlalu. Itu baru dan bersih. Jika saya memiliki satu komentar, ini adalah pemanas airnya tidak panas di malam hari. Stafnya ramah dan membantu. A la carte sarapan adalah gaya prasmanan. Terbatas pilihan pada menu tapi cukup layak. Ada…",5
174,Kuta Angel Hotel,"Kami menyatakan untuk 3 malam di kuta angel hotel dan kami benar-benar menikmatinya. Lokasinya sangat dekat dengan bandara dan toko-toko, restoran, atm dan pantai kuta adalah hanya berjalan kaki. Kamarnya bersih, baru dan baik dilengkapi dengan kulkas kecil, kopi dan teh fasilitas, kamar mandi besar dan semuanya adalah berkilau. Staf sangat ramah, sopan dan membantu. Pasti akan merekomendasikan ke teman dan keluarga kami",5
175,Kuta Angel Hotel,"Jika anda berencana untuk memulai di daerah kuta saya merekomendasikan kuta angel hotel tanpa ragu-ragu. Lokasi fantastis, di tengah-tengah dari segala sesuatu. Hal yang paling penting yang membuat hotel ini luar biasa adalah staf... Dari keamanan untuk penerimaan staf mereka semua super ramah, baik dan membantu orang.  Hotel itu sendiri adalah sangat bersih, yang dirancang modern. Kamar luas dan nyaman. Dekat ke bandara. Berjalan keluar dari bandara ke jalan utama untuk menghindari penjaja dan menangkap taksi bluebird. Biaya hanya rp. 30,000 ke hotel. Satu-satunya minus adalah ac adalah terlalu berisik. Tidak perlu mencari hotel lain di kisaran harga ini jika anda berencana untuk tinggal di kuta.",5
176,Kuta Angel Hotel,"Hotel ini dianggap sebagai hotel baru di pusat kota kuta, yang sangat dekat dengan pantai kuta. Hotel ini memiliki dekorasi yang indah dan sangat bersih. Kondisi kamar sangat nyaman, bersih dan kamar yang lebih besar dengan fasilitas yang lengkap seperti minibar, tv, wifi (semua daerah hotel), kamar mandi pribadi, pengering rambut, dan ac. Selain itu, hotel ini juga memiliki kolam renang yang kecil bahkan hanya satu. Lokasinya sangat strategis yang berjalan kaki di sekitar ratusan toko (makanan dan minuman yang, pijat & spa, pertukaran uang, toko olahraga, lokal pakaian & toko suvenir, bahan makanan, dll) sampai pantai kuta yang terkenal. Semua staf hotel sangat baik dan membantu terutama resepsionis dan penjaga keamanan. Bahkan jalan spasi dan hotel ini sangat kecil dan…",5
177,Kuta Angel Hotel,"Menginap di kuta angel selama 2 malam pertama dari perjalanan saya ke bali. sangat strategis dan dekat dengan pantai dan pusat kuta - Jl Pantai Kuta. Kami hangat menyambut dan menyambut saat check-in dan staf meja depan membawa kita ke kamar kami - Dapat dari cacing (kreatif konsep, nama kamar tanpa nomor dan anda dapat menjelajahi lebih selama anda tinggal) dan menunjukkan kepada kami semua rincian kamar untuk memastikan kami yang nyaman sebelum meninggalkan kami untuk menikmati masa menginap kami. Hanya satu kecil ketidaksempurnaan pengalaman adalah kami A/C tidak cukup dingin dan kamar mandi geser dekat tidak dekat dengan baik. Tapi, setelah kami menelepon untuk membuat mengeluh, mereka dikirim seseorang segera memperbaiki A/C (12am itu hampir tengah malam) dan membuat yakin…",5
178,Kuta Angel Hotel,"Saya tiba di hotel ini sangat terlambat setelah datang di terakhir penerbangan dari yogyakarta. Saya hanya menginap satu malam karena saya berangkat menuju ubud hari berikutnya tetapi saya akan sangat senang untuk tinggal lebih lama lagi di sini. Setelah memeriksa di staf yang sangat ramah yang menawarkan saya peningkatan kamar gratis ke suite (pengalaman abadi perawan) dan wow... besar, modern dan kamar mandi mewah. Ketika sopir saya menjemput saya pagi berikutnya saya menyadari seberapa dekat itu ke pantai dan mudah berjalan. Meskipun kamar saya menghadap jalan tidak ada lalu lintas suara sama sekali. Saya tidak makan di restoran tetapi tampak mengundang dan lagi, sangat trendi. Aku punya masalah internet tapi staf di meja depan yang sangat akomodatif dan diurutkan itu dengan…",5
179,Kuta Angel Hotel,"Kami tinggal untuk 4 malam di kuta angel dan memesan secara online. Ketika kami merencanakan untuk memperpanjang 1 malam lagi, tarif kamar adalah tiga kali lipat dari harga yang kami memesan secara online jadi kami mencari hotel lain.  Interior hotel cukup bagus, fasilitas kamar sangat baik (pengering rambut, handuk tangan, sikat gigi, teko air panas, kopi instan/teh, minibar)  Terlalu buruk kasur ekstra cukup mahal islam selama liburan dan mereka tidak memberi kami selimut untuk tempat tidur tambahan. Sarapan adalah rata-rata.  Secara Keseluruhan. Saya akan mempertimbangkan untuk tinggal di sana lagi lain kali.  ",4
180,Kuta Angel Hotel,"Pro: lokasi yang baik, hanya 7 menit berjalan kaki ke pantai kuta.  Makanan dan belanja tepat di luar hotel.  staf yang membantu dan ceria.  wifi di hotel adalah stabil.  kamar yang bersih dan ukuran yang cukup baik  sarapan dasar tetapi cukup untuk memulai hari  Con: tidak ada shower, hanya bak mandi di kamar saya. tidak orang tua ramah.  Ada bau yang datang dari toilet selama hari terakhir kami menginap. bisa menjadi masalah drainase.  Secara keseluruhan masa menginap yang baik dan akan tinggal di sana lagi.",4
181,Kuta Angel Hotel,"Semuanya tentang hotel ini sangat menakjubkan!  Kamarnya indah up, karena kami berada di bulan madu kami. Ini sangat besar dan luas. Pasti nilai untuk uang. Bahkan toilet adalah luar biasa.  Pasti akan merekomendasikan semua orang, terutama pasangan untuk datang di sini!",5
182,Kuta Angel Hotel,"Saya menginap di sini pada awal maret sebagai wanita solo di 1, 2, 3 pergi kamar. Setiap kamar memiliki nama, bukan nomor. Hotel itu sendiri adalah sangat chic dan modern mencari. Saya suka tampilan itu. Itu sangat baik dilakukan dan staf adalah hanya fantastis. Lokasi adalah sempurna dan saya tidak memiliki masalah apapun dengan kebisingan.  Kamarnya luas, sangat bersih dan memiliki yang aman. Tempat tidur adalah nyaman. Kamar mandinya cukup gelap meskipun. Ada jendela buram di kamar mandi yang menghadap ke kamar tidur. Canggung jika anda dengan teman-teman. Karena jendela buram di depan cermin, dan mari kita di siang hari, sangat sulit untuk melihat diri anda di cermin, dengan sinar matahari yang mengalir di dari belakang anda. Solusi sederhana - menghapus kaca buram dan…",5
